TOA5,CR1000_Dwarsberg_Jonkershoek,CR1000,46462,CR1000.Std.24,CPU:CR1000 SAEON 18June2015_edited.CR1,24102,Table1
TIMESTAMP,RECORD,WS_ms_S_WVT,WindDir_D1_WVT,WindDir_SD1_WVT,AirTC_Avg,RH,NR_Wm2_Avg,Rain_mm_Tot,VW_Avg,VW_2_Avg,VW_3_Avg,VW_4_Avg,VW_5_Avg,VW_6_Avg,T107_C_Avg,Rain_mm_2_Tot,BP_mbar_Avg,TdC_Avg,SVPWmbar_Avg
TS,RN,meters/second,Deg,Deg,Deg C,%,W/m^2,mm,,,,,,,Deg C,mm,mbar,Deg C,mbar
,,WVc,WVc,WVc,Avg,Smp,Avg,Tot,Avg,Avg,Avg,Avg,Avg,Avg,Avg,Tot,Avg,Avg,Avg
2016-11-01 10:00:00,11938,6.163,132.8,11.76,17.51,60.1,665.6,NAN,0,0.162,0.108,0.129,0.141,0.162,0.141,12.83,0,1021,9.68,20.01
2016-11-01 11:00:00,11939,6.414,135.8,12.31,18.25,53.58,861,NAN,0,0.161,0.108,0.129,0.141,0.161,0.141,12.9,0,1020,9.04,20.97
2016-11-01 12:00:00,11940,4.762,129.4,14.33,18.63,49.54,928,NAN,0,0.16,0.107,0.128,0.14,0.161,0.14,13.1,0,1020,9.52,21.46
2016-11-01 13:00:00,11941,3.879,129.2,16.11,19.5,55.59,973,NAN,0,0.16,0.107,0.128,0.14,0.16,0.139,13.44,0,1020,10.59,22.67
2016-11-01 14:00:00,11942,2.365,134.6,45.2,20.46,56.56,969,NAN,0,0.159,0.107,0.128,0.14,0.16,0.138,13.86,0,1020,11.41,24.05
2016-11-01 15:00:00,11943,3.771,143.2,18.88,20.79,48.55,830,NAN,0,0.158,0.107,0.127,0.139,0.159,0.138,14.33,0,1020,11.33,24.55
2016-11-01 16:00:00,11944,3.611,141.7,22.16,20.61,59.57,637.1,NAN,0,0.158,0.106,0.127,0.139,0.159,0.137,14.77,0,1019,11.39,24.28
2016-11-01 17:00:00,11945,3.262,147.2,24.45,19.55,70.63,337.9,NAN,0,0.157,0.106,0.127,0.139,0.158,0.137,15.15,0,1019,12.14,22.75
2016-11-01 18:00:00,11946,5.343,158.8,13.74,17.19,81.6,129.1,NAN,0,0.157,0.106,0.126,0.138,0.158,0.136,15.4,0,1019,12.74,19.61
2016-11-01 19:00:00,11947,5.55,177.2,15.52,14.74,86.7,-30.8,NAN,0,0.157,0.106,0.126,0.138,0.158,0.136,15.54,0,1019,12.26,16.77
2016-11-01 20:00:00,11948,3.586,203.5,15.29,15.06,38.03,-104.8,NAN,0,0.157,0.106,0.126,0.138,0.157,0.136,15.57,0,1019,8.71,17.14
2016-11-01 21:00:00,11949,1.327,194.6,27.11,17.76,18.66,-95,NAN,0,0.156,0.105,0.126,0.138,0.157,0.136,15.5,0,1019,-2.694,20.34
2016-11-01 22:00:00,11950,2.988,165,22.26,16.85,32.74,-86.8,NAN,0,0.157,0.105,0.126,0.138,0.157,0.135,15.36,0,1019,-3.323,19.19
2016-11-01 23:00:00,11951,2.917,136.3,16.56,15.21,45.29,-89.8,NAN,0,0.157,0.105,0.126,0.138,0.157,0.135,15.17,0,1019,3.932,17.28
2016-11-02 00:00:00,11952,3.856,151.1,23.57,14.99,63.96,-89.1,NAN,0,0.157,0.105,0.126,0.138,0.157,0.135,14.96,0,1019,6.344,17.04
2016-11-02 01:00:00,11953,5.546,174.5,13.71,14.98,72.7,-97.7,NAN,0,0.157,0.105,0.126,0.138,0.157,0.135,14.75,0,1018,8.59,17.02
2016-11-02 02:00:00,11954,3.696,164.4,21.56,16.27,33.09,-69.01,NAN,0,0.157,0.105,0.125,0.138,0.157,0.135,14.55,0,1018,4.978,18.5
2016-11-02 03:00:00,11955,2.361,129.2,11.07,17.38,22.92,-43.7,NAN,0,0.156,0.105,0.125,0.138,0.156,0.134,14.36,0,1017,-4.692,19.85
2016-11-02 04:00:00,11956,3.798,128.5,10.43,19.29,15.42,-69.78,NAN,0,0.156,0.105,0.125,0.137,0.156,0.134,14.2,0,1016,-10.75,22.41
2016-11-02 05:00:00,11957,2.669,122.7,23.37,19.73,7.82,-74.56,NAN,0,0.156,0.105,0.125,0.137,0.156,0.134,14.04,0,1015,-12.93,23.04
2016-11-02 06:00:00,11958,0.817,269.9,55.08,19.09,19,-74.11,NAN,0,0.156,0.105,0.125,0.137,0.156,0.134,13.9,0,1016,-10.61,22.13
2016-11-02 07:00:00,11959,0.288,129.4,16.9,19.14,28.78,10.58,NAN,0,0.156,0.105,0.125,0.137,0.156,0.133,13.77,0,1016,-4.129,22.29
2016-11-02 08:00:00,11960,0.224,307,13.27,23.06,14.97,224.3,NAN,0,0.156,0.105,0.125,0.137,0.156,0.133,13.64,0,1016,-5.005,28.19
2016-11-02 09:00:00,11961,1.336,327.5,24.18,22.12,20.01,419.2,NAN,0,0.155,0.105,0.125,0.137,0.155,0.133,13.51,0,1016,-3.321,26.63
2016-11-02 10:00:00,11962,0.716,352.5,33.19,22.15,21.88,358.7,NAN,0,0.155,0.104,0.124,0.137,0.155,0.132,13.46,0,1016,-0.336,26.67
2016-11-02 11:00:00,11963,1.484,332.3,22.44,21.78,30.6,750.5,NAN,0,0.154,0.104,0.124,0.136,0.155,0.131,13.52,0,1016,2.682,26.08
2016-11-02 12:00:00,11964,2.692,336.7,14.45,21.95,34.72,908,NAN,0,0.153,0.104,0.124,0.136,0.154,0.131,13.66,0,1016,6.232,26.36
2016-11-02 13:00:00,11965,3.892,339.6,18.96,23.16,36.36,1060,NAN,0,0.153,0.103,0.123,0.136,0.154,0.13,13.93,0,1016,7.793,28.36
2016-11-02 14:00:00,11966,4.213,340.9,15.47,23.9,35.25,1015,NAN,0,0.152,0.103,0.123,0.135,0.153,0.129,14.34,0,1015,7.838,29.66
2016-11-02 15:00:00,11967,5.11,344.6,20.38,24.2,34.41,898,NAN,0,0.151,0.103,0.123,0.135,0.153,0.129,14.81,0,1015,7.364,30.19
2016-11-02 16:00:00,11968,4.382,346,16.37,24.35,36.67,722.5,NAN,0,0.15,0.102,0.122,0.135,0.152,0.128,15.26,0,1015,8.07,30.47
2016-11-02 17:00:00,11969,3.042,335,21.72,23.48,44.97,500.1,NAN,0,0.15,0.102,0.122,0.134,0.152,0.127,15.63,0,1014,10.7,28.93
2016-11-02 18:00:00,11970,1.19,328.9,21.54,22.34,37.39,113.5,NAN,0,0.149,0.102,0.121,0.134,0.151,0.127,15.88,0,1014,8.44,27.01
2016-11-02 19:00:00,11971,1.4,331.9,23.46,20.88,37.74,-12.05,NAN,0,0.149,0.102,0.121,0.134,0.151,0.127,16.02,0,1014,7.133,24.68
2016-11-02 20:00:00,11972,1.232,341.6,31.95,20.1,38.95,-78.09,NAN,0,0.149,0.102,0.121,0.134,0.151,0.126,16.08,0,1014,4.353,23.52
2016-11-02 21:00:00,11973,0.532,321,46.48,18.9,39.15,-78.13,NAN,0,0.149,0.102,0.121,0.134,0.15,0.126,16.06,0,1014,4.603,21.84
2016-11-02 22:00:00,11974,1.251,318.2,16.84,18.04,67.27,-92,NAN,0,0.149,0.102,0.121,0.134,0.15,0.126,15.96,0,1015,6.6,20.72
2016-11-02 23:00:00,11975,3.074,326.6,13.52,16.81,56.13,-108.6,NAN,0,0.149,0.102,0.121,0.134,0.15,0.126,15.8,0,1014,1.309,19.14
2016-11-03 00:00:00,11976,1.969,317.7,11.72,15.76,36.68,-95,NAN,0,0.149,0.102,0.121,0.133,0.15,0.126,15.62,0,1014,4.374,17.89
2016-11-03 01:00:00,11977,1.881,315.8,8.84,15.23,68.78,-90.2,NAN,0,0.149,0.102,0.121,0.133,0.15,0.126,15.42,0,1014,5.491,17.3
2016-11-03 02:00:00,11978,1.573,312.7,17.08,15.02,60.13,-77.11,NAN,0,0.149,0.102,0.121,0.133,0.15,0.125,15.21,0,1014,3.868,17.07
2016-11-03 03:00:00,11979,1.447,304.3,22.22,12.42,39.13,-82.1,NAN,0,0.149,0.102,0.121,0.133,0.15,0.125,15.01,0,1013,8.1,14.42
2016-11-03 04:00:00,11980,1.346,322.5,24.51,12.66,78.63,-91.2,NAN,0,0.149,0.102,0.121,0.133,0.15,0.125,14.82,0,1013,5.015,14.67
2016-11-03 05:00:00,11981,1.747,317.3,13.19,10.36,95,-104.5,NAN,0,0.149,0.102,0.121,0.133,0.15,0.125,14.63,0,1013,8.03,12.58
2016-11-03 06:00:00,11982,1.035,114.4,75.59,9.02,100,-30.64,NAN,0,0.149,0.102,0.121,0.133,0.15,0.125,14.45,0,1013,8.99,11.49
2016-11-03 07:00:00,11983,1.123,336.7,33.8,9.27,100,11.71,NAN,0,0.15,0.102,0.121,0.133,0.15,0.125,14.28,1.27,1014,9.27,11.68
2016-11-03 08:00:00,11984,1.747,348.7,29.22,9.3,100,35.35,NAN,0,0.15,0.102,0.121,0.133,0.15,0.125,14.12,4.572,1014,9.3,11.71
2016-11-03 09:00:00,11985,1.646,339,36.37,9.4,100,321.8,NAN,0,0.15,0.102,0.121,0.133,0.15,0.125,13.99,2.286,1015,9.4,11.79
2016-11-03 10:00:00,11986,3.317,340,15.11,9.17,100,257.1,NAN,0,0.15,0.102,0.121,0.133,0.15,0.124,13.9,0.254,1015,9.17,11.6
2016-11-03 11:00:00,11987,4.456,338.5,18.76,9.7,96.3,382.6,NAN,0,0.15,0.102,0.121,0.133,0.149,0.124,13.87,0,1015,9.61,12.03
2016-11-03 12:00:00,11988,5.502,345.6,24.82,10.79,90.8,433,NAN,0,0.149,0.102,0.121,0.133,0.149,0.124,13.9,0,1015,9.59,12.93
2016-11-03 13:00:00,11989,5.974,346,28.01,12.41,80.2,737.8,NAN,0,0.149,0.101,0.12,0.133,0.149,0.124,13.96,0,1015,9.8,14.41
2016-11-03 14:00:00,11990,6.505,341.5,25.2,14.06,75.46,928,NAN,0,0.149,0.101,0.12,0.133,0.149,0.123,14.06,0,1015,9.58,16.04
2016-11-03 15:00:00,11991,8.09,344.4,24.86,14.33,68.14,861,NAN,0,0.148,0.101,0.12,0.132,0.148,0.123,14.23,0,1014,9.11,16.32
2016-11-03 16:00:00,11992,8.02,338.7,24.09,13.06,88.6,444.7,NAN,0,0.148,0.101,0.12,0.132,0.148,0.123,14.46,0,1014,9.49,15.05
2016-11-03 17:00:00,11993,7.68,337.6,22.01,10.26,99.3,103.8,NAN,0,0.148,0.101,0.12,0.132,0.148,0.122,14.69,0,1014,9.57,12.5
2016-11-03 18:00:00,11994,6.604,334.2,17.96,9.41,100,38.55,NAN,0,0.148,0.101,0.12,0.132,0.148,0.122,14.85,0,1014,9.37,11.79
2016-11-03 19:00:00,11995,6.785,333.3,22.65,8.63,100,-0.575,NAN,0,0.148,0.101,0.12,0.132,0.148,0.122,14.9,3.302,1015,8.63,11.19
2016-11-03 20:00:00,11996,6.487,340.7,20.57,8.42,100,-4.586,NAN,0,0.148,0.101,0.12,0.132,0.148,0.122,14.86,12.19,1015,8.42,11.03
2016-11-03 21:00:00,11997,7.005,333.8,22.32,8.85,100,-3.781,NAN,0.254,0.148,0.101,0.12,0.132,0.148,0.122,14.76,22.86,1015,8.85,11.36
2016-11-03 22:00:00,11998,8.47,335.6,29.87,8.97,100,-2.25,NAN,0.508,0.148,0.101,0.12,0.132,0.147,0.122,14.63,20.32,1016,8.97,11.45
2016-11-03 23:00:00,11999,8.71,337.1,24.88,8.66,100,-1.908,NAN,0,0.148,0.101,0.12,0.132,0.147,0.122,14.49,16.51,1016,8.66,11.21
2016-11-04 00:00:00,12000,8.56,338.1,28.79,8.33,100,-2.139,NAN,0.254,0.148,0.101,0.12,0.132,0.147,0.122,14.34,14.99,1016,8.33,10.97
2016-11-04 01:00:00,12001,7.786,331.6,28.95,8.15,100,-3.014,NAN,0,0.148,0.101,0.12,0.132,0.147,0.122,14.19,14.48,1016,8.15,10.83
2016-11-04 02:00:00,12002,7.389,332.3,26,7.357,100,-4.959,NAN,0,0.148,0.101,0.12,0.132,0.147,0.122,14.04,6.096,1015,7.357,10.27
2016-11-04 03:00:00,12003,7.965,334.9,20.48,7.044,100,-2.728,NAN,0,0.148,0.101,0.12,0.132,0.147,0.122,13.89,0.762,1015,7.044,10.04
2016-11-04 04:00:00,12004,7.375,336.1,19.48,6.997,100,-7.037,NAN,0,0.148,0.101,0.12,0.132,0.147,0.122,13.75,2.286,1016,6.997,10.01
2016-11-04 05:00:00,12005,7.524,337.6,24.71,7.012,100,-4.232,NAN,0,0.148,0.101,0.12,0.132,0.147,0.122,13.61,4.064,1016,7.012,10.02
2016-11-04 06:00:00,12006,7.415,345.9,31,7.148,100,-2.356,NAN,0.254,0.148,0.101,0.12,0.132,0.147,0.122,13.48,11.68,1016,7.148,10.12
2016-11-04 07:00:00,12007,7.471,335.7,21.44,6.999,100,11.05,NAN,0.762,0.148,0.101,0.12,0.132,0.147,0.122,13.35,18.29,1017,6.999,10.01
2016-11-04 08:00:00,12008,6.531,327.4,22.12,6.642,100,48.99,NAN,0,0.149,0.101,0.12,0.132,0.147,0.121,13.23,7.874,1017,6.642,9.77
2016-11-04 09:00:00,12009,7.136,336.1,24.89,7.034,100,105.2,NAN,0.254,0.149,0.101,0.12,0.132,0.147,0.121,13.12,8.38,1018,7.034,10.04
2016-11-04 10:00:00,12010,7.167,335.9,23.73,7.043,100,91.7,NAN,0.508,0.149,0.101,0.12,0.132,0.147,0.121,13.02,9.4,1018,7.043,10.04
2016-11-04 11:00:00,12011,7.472,333.9,17.75,6.878,100,91.6,NAN,0,0.149,0.101,0.12,0.132,0.147,0.121,12.95,4.826,1018,6.878,9.93
2016-11-04 12:00:00,12012,6.043,336.5,21.87,6.718,100,179.8,NAN,0,0.149,0.101,0.12,0.132,0.147,0.121,12.89,0.254,1018,6.718,9.82
2016-11-04 13:00:00,12013,6.694,336.2,22.1,6.733,100,114,NAN,0,0.149,0.101,0.12,0.132,0.147,0.121,12.83,0,1018,6.733,9.83
2016-11-04 14:00:00,12014,6.988,337.8,25.69,7.309,96.4,144,NAN,0,0.149,0.101,0.12,0.132,0.147,0.121,12.79,0,1018,7.067,10.23
2016-11-04 15:00:00,12015,7.768,336,14.38,7.646,80.8,215.4,NAN,0,0.149,0.101,0.12,0.132,0.147,0.121,12.75,0,1018,5.735,10.47
2016-11-04 16:00:00,12016,6.358,329.7,21.12,8.21,79.38,273.8,NAN,0,0.149,0.101,0.12,0.131,0.147,0.121,12.71,0,1018,5.218,10.87
2016-11-04 17:00:00,12017,6.948,330.5,25.91,8.28,77.34,223.3,NAN,0,0.149,0.101,0.12,0.131,0.147,0.121,12.67,0,1018,4.695,10.93
2016-11-04 18:00:00,12018,7.321,332.1,18.95,8.09,84,142.9,NAN,0,0.149,0.101,0.12,0.131,0.146,0.121,12.65,0,1019,4.906,10.8
2016-11-04 19:00:00,12019,6.057,323.4,20.11,6.952,97.2,21.05,NAN,0,0.149,0.101,0.12,0.131,0.146,0.121,12.64,0,1019,5.604,9.98
2016-11-04 20:00:00,12020,5.034,319.1,22.56,5.997,100,-67.91,NAN,0,0.149,0.1,0.12,0.131,0.146,0.121,12.6,0,1020,5.785,9.34
2016-11-04 21:00:00,12021,4.166,319.8,28.2,5.531,98.2,-29.95,NAN,0,0.149,0.1,0.12,0.131,0.146,0.121,12.54,0,1020,5.525,9.05
2016-11-04 22:00:00,12022,3.884,315.7,26.79,4.951,94.7,-83.6,NAN,0,0.149,0.1,0.12,0.131,0.146,0.121,12.45,0,1021,4.374,8.69
2016-11-04 23:00:00,12023,2.304,311,34.76,4.577,96.6,-71.44,NAN,0,0.149,0.1,0.12,0.131,0.146,0.121,12.34,0,1021,3.816,8.47
2016-11-05 00:00:00,12024,2.032,336.4,33.56,4.712,98.6,-12.07,NAN,0,0.149,0.101,0.12,0.131,0.146,0.121,12.23,0,1021,4.493,8.54
2016-11-05 01:00:00,12025,0.832,338.8,46.63,4.803,100,-14.74,NAN,0,0.149,0.101,0.12,0.131,0.146,0.121,12.11,0,1021,4.758,8.6
2016-11-05 02:00:00,12026,0.58,337.8,50.22,4.582,100,-14.37,NAN,0,0.149,0.101,0.12,0.131,0.146,0.121,12,0,1021,4.582,8.47
2016-11-05 03:00:00,12027,1.658,316.7,18.71,4.609,100,-9.14,NAN,0,0.149,0.101,0.12,0.131,0.146,0.121,11.91,0,1020,4.609,8.48
2016-11-05 04:00:00,12028,1.085,314.9,20.27,4.148,100,-17.14,NAN,0,0.149,0.101,0.12,0.131,0.146,0.121,11.84,0,1020,4.148,8.21
2016-11-05 05:00:00,12029,1.256,316.1,21.46,4.231,100,-10.78,NAN,0.254,0.149,0.101,0.12,0.131,0.146,0.121,11.77,0,1020,4.231,8.26
2016-11-05 06:00:00,12030,0.864,309.6,14.27,3.738,100,-22.64,NAN,0,0.149,0.101,0.12,0.131,0.146,0.121,11.71,0,1020,3.738,7.982
2016-11-05 07:00:00,12031,0.806,312.1,12.78,3.837,100,1.664,NAN,0,0.149,0.101,0.12,0.131,0.146,0.121,11.65,0.254,1021,3.836,8.04
2016-11-05 08:00:00,12032,1.486,324.1,14.83,4.569,88.9,187,NAN,0,0.149,0.101,0.12,0.131,0.146,0.121,11.59,0,1021,3.965,8.46
2016-11-05 09:00:00,12033,1.76,329.5,18.43,5.895,85.3,447.3,NAN,0,0.149,0.101,0.12,0.131,0.146,0.12,11.53,0,1021,3.637,9.28
2016-11-05 10:00:00,12034,2.018,332.9,19.85,6.855,76.29,614.6,NAN,0,0.149,0.101,0.12,0.131,0.146,0.12,11.5,0,1021,3.67,9.92
2016-11-05 11:00:00,12035,2.19,341.4,21.1,7.871,71.61,785.6,NAN,0,0.149,0.1,0.12,0.131,0.146,0.12,11.57,0,1022,3.451,10.64
2016-11-05 12:00:00,12036,1.941,336.9,33.74,9.81,66.39,1008,NAN,0,0.149,0.1,0.12,0.131,0.146,0.12,11.75,0,1022,4.419,12.14
2016-11-05 13:00:00,12037,2.666,329.4,20.65,9.98,72.57,719.4,NAN,0,0.148,0.1,0.12,0.13,0.145,0.12,12,0,1021,4.828,12.26
2016-11-05 14:00:00,12038,2.357,333.2,50.32,10.2,71.21,630.4,NAN,0,0.148,0.1,0.119,0.13,0.145,0.119,12.37,0,1021,5.099,12.44
2016-11-05 15:00:00,12039,2.534,167.7,53.95,9.74,70.03,499.3,NAN,0,0.148,0.1,0.119,0.13,0.145,0.119,12.74,0,1021,5.053,12.07
2016-11-05 16:00:00,12040,1.939,171.4,61.44,9.65,75.4,401.6,NAN,0,0.148,0.1,0.119,0.13,0.145,0.119,13.04,0,1020,5.389,11.99
2016-11-05 17:00:00,12041,3.525,162.7,23.87,9.33,76.87,321.4,NAN,0,0.147,0.099,0.119,0.13,0.144,0.119,13.26,0,1020,5.441,11.74
2016-11-05 18:00:00,12042,2.813,178,41.89,8.86,83.4,231,NAN,0,0.147,0.099,0.119,0.13,0.144,0.119,13.39,0,1020,5.391,11.37
2016-11-05 19:00:00,12043,3.516,172.7,30.46,6.869,94.8,-0.649,NAN,0,0.147,0.099,0.119,0.13,0.144,0.119,13.43,0,1021,5.04,9.93
2016-11-05 20:00:00,12044,5.656,156,17.98,5.303,92,-82.6,NAN,0,0.147,0.099,0.119,0.13,0.144,0.119,13.4,0,1021,4.777,8.91
2016-11-05 21:00:00,12045,6.269,161.3,15.91,4.852,97.6,-87.9,NAN,0,0.147,0.099,0.119,0.129,0.144,0.119,13.32,0,1022,4.341,8.63
2016-11-05 22:00:00,12046,6.531,149.8,14.15,5.079,97.3,-63.77,NAN,0,0.147,0.099,0.119,0.129,0.144,0.118,13.17,0,1022,4.826,8.77
2016-11-05 23:00:00,12047,6.56,149.6,10.16,5.178,97.6,-60.87,NAN,0,0.147,0.099,0.119,0.129,0.144,0.118,12.98,0,1022,4.959,8.83
2016-11-06 00:00:00,12048,5.796,145.5,10.67,4.986,99,-84.3,NAN,0,0.147,0.099,0.119,0.129,0.144,0.118,12.79,0,1022,4.849,8.71
2016-11-06 01:00:00,12049,4.889,145,11.27,4.915,100,-80,NAN,0,0.147,0.099,0.119,0.129,0.144,0.118,12.61,0,1022,4.82,8.67
2016-11-06 02:00:00,12050,4.995,151.1,12.26,4.805,100,-90.5,NAN,0,0.147,0.099,0.119,0.129,0.143,0.118,12.44,0,1022,4.794,8.6
2016-11-06 03:00:00,12051,4.111,141.9,13.79,4.485,99.5,-96.8,NAN,0,0.147,0.099,0.119,0.129,0.143,0.118,12.27,0,1022,4.208,8.41
2016-11-06 04:00:00,12052,3.891,140.5,15.12,4.259,94.3,-102,NAN,0,0.147,0.099,0.119,0.129,0.144,0.118,12.11,0,1022,4.005,8.28
2016-11-06 05:00:00,12053,2.299,140.6,20.98,4.163,94.9,-100.1,NAN,0,0.147,0.099,0.119,0.129,0.144,0.118,11.95,0,1022,3.419,8.22
2016-11-06 06:00:00,12054,2.143,137.7,20.79,4.122,90.2,-94.8,NAN,0,0.147,0.099,0.119,0.129,0.144,0.118,11.8,0,1022,3.302,8.2
2016-11-06 07:00:00,12055,1.89,131.2,25.17,6.064,82.6,11.66,NAN,0,0.147,0.099,0.119,0.129,0.143,0.118,11.66,0,1022,3.747,9.4
2016-11-06 08:00:00,12056,3.212,139.5,19.8,7.36,80.9,229.5,NAN,0,0.147,0.099,0.119,0.129,0.143,0.118,11.51,0,1023,4.579,10.27
2016-11-06 09:00:00,12057,2.624,143.7,33.79,8.79,76.28,488.6,NAN,0,0.147,0.099,0.119,0.129,0.143,0.118,11.39,0,1023,4.972,11.32
2016-11-06 10:00:00,12058,1.53,146.9,60.74,9.62,69.82,587.9,NAN,0,0.147,0.099,0.118,0.129,0.143,0.118,11.35,0,1023,5.55,11.98
2016-11-06 11:00:00,12059,1.595,339.3,35.95,11.26,71.35,896,NAN,0,0.147,0.099,0.118,0.129,0.143,0.117,11.44,0,1023,5.796,13.36
2016-11-06 12:00:00,12060,1.713,323.5,57.01,11.62,71.72,780.4,NAN,0,0.146,0.099,0.118,0.129,0.143,0.117,11.65,0,1023,6.163,13.7
2016-11-06 13:00:00,12061,1.831,326.9,45.71,11.83,80.6,551.6,NAN,0,0.146,0.099,0.118,0.128,0.142,0.117,12.02,0,1023,7.394,13.86
2016-11-06 14:00:00,12062,1.829,331.7,70.66,12.38,76.91,597.9,NAN,0,0.146,0.098,0.118,0.128,0.142,0.116,12.42,0,1023,7.741,14.38
2016-11-06 15:00:00,12063,2.464,333.4,22.78,12.63,75.57,615.1,NAN,0,0.145,0.098,0.117,0.128,0.142,0.116,12.79,0,1023,9.07,14.63
2016-11-06 16:00:00,12064,2.034,355.9,93.5,13.53,77.85,603.5,NAN,0,0.145,0.098,0.117,0.128,0.141,0.116,13.11,0,1022,8.92,15.51
2016-11-06 17:00:00,12065,3.346,150.1,23.99,12.44,75.62,424.5,NAN,0,0.145,0.098,0.117,0.128,0.141,0.116,13.36,0,1022,8.24,14.43
2016-11-06 18:00:00,12066,2.197,148.3,24.33,12.29,77.65,220.8,NAN,0,0.144,0.098,0.117,0.127,0.141,0.115,13.56,0,1022,7.954,14.29
2016-11-06 19:00:00,12067,2.793,154.4,18.21,9.84,87.9,1.834,NAN,0,0.144,0.098,0.117,0.127,0.141,0.115,13.66,0,1022,7.095,12.16
2016-11-06 20:00:00,12068,3.865,144.9,18.85,8,92.6,-93.8,NAN,0,0.144,0.098,0.117,0.127,0.141,0.115,13.68,0,1022,6.609,10.73
2016-11-06 21:00:00,12069,5.404,170,13.36,7.18,95.3,-92.7,NAN,0,0.144,0.098,0.117,0.127,0.14,0.115,13.63,0,1022,6.411,10.14
2016-11-06 22:00:00,12070,4.955,178.7,13.46,6.837,98.2,-91.9,NAN,0,0.144,0.098,0.117,0.127,0.14,0.115,13.51,0,1022,6.303,9.9
2016-11-06 23:00:00,12071,3.85,188.2,24.99,7.19,83.6,-91.3,NAN,0,0.144,0.098,0.117,0.127,0.14,0.115,13.36,0,1022,6.149,10.15
2016-11-07 00:00:00,12072,2.138,123.2,27.65,8.06,71.74,-92.9,NAN,0,0.144,0.098,0.117,0.127,0.14,0.115,13.19,0,1021,5.323,10.77
2016-11-07 01:00:00,12073,2.324,138.9,31.52,9.48,59.58,-91.8,NAN,0,0.144,0.098,0.117,0.127,0.14,0.115,13.01,0,1021,4.016,11.85
2016-11-07 02:00:00,12074,0.887,156.2,88.1,10.14,56.75,-86.6,NAN,0,0.144,0.098,0.116,0.127,0.14,0.115,12.83,0,1021,2.204,12.4
2016-11-07 03:00:00,12075,0.231,293.9,10.54,9.53,61.6,-79.91,NAN,0,0.144,0.098,0.116,0.127,0.14,0.115,12.67,0,1020,2.007,11.89
2016-11-07 04:00:00,12076,0.846,314.6,16.32,8.47,77.95,-91.9,NAN,0,0.144,0.098,0.116,0.127,0.14,0.115,12.51,0,1021,4.184,11.08
2016-11-07 05:00:00,12077,1.14,307.9,35.3,9.11,72.34,-89.5,NAN,0,0.144,0.098,0.116,0.127,0.14,0.115,12.35,0,1020,3.042,11.58
2016-11-07 06:00:00,12078,1.551,270.5,89.2,8.84,58.05,-84.8,NAN,0,0.144,0.098,0.116,0.127,0.14,0.115,12.19,0,1020,2.581,11.36
2016-11-07 07:00:00,12079,1.136,147.8,59.24,11.84,43.41,23.71,NAN,0,0.144,0.097,0.116,0.127,0.14,0.114,12.04,0,1020,1.407,13.94
2016-11-07 08:00:00,12080,1.448,283.6,74.1,13.68,35.84,253.4,NAN,0,0.143,0.097,0.116,0.127,0.14,0.114,11.89,0,1021,0.874,15.7
2016-11-07 09:00:00,12081,1.265,1.165,76.6,16.19,42.79,519.8,NAN,0,0.143,0.097,0.116,0.127,0.139,0.114,11.78,0,1021,1.887,18.41
2016-11-07 10:00:00,12082,1.62,63.7,80.8,15.86,48.19,749,NAN,0,0.142,0.097,0.116,0.126,0.139,0.114,11.75,0,1021,4.594,18.02
2016-11-07 11:00:00,12083,2.357,337.5,18.03,15.16,69.95,935,NAN,0,0.142,0.097,0.116,0.126,0.139,0.113,11.86,0,1021,6.305,17.23
2016-11-07 12:00:00,12084,2.025,333.8,39.2,15.03,64.14,1032,NAN,0,0.141,0.097,0.115,0.126,0.139,0.113,12.15,0,1021,9.61,17.1
2016-11-07 13:00:00,12085,2.311,329.5,22.23,16.06,68.59,1063,NAN,0,0.141,0.096,0.115,0.126,0.138,0.112,12.59,0,1021,10.4,18.25
2016-11-07 14:00:00,12086,2.794,332,20.69,16.44,77.94,1032,NAN,0,0.141,0.096,0.115,0.125,0.138,0.112,13.12,0,1020,11.48,18.69
2016-11-07 15:00:00,12087,3.454,334,20.69,15.93,81.2,924,NAN,0,0.14,0.096,0.115,0.125,0.137,0.111,13.67,0,1020,12.07,18.1
2016-11-07 16:00:00,12088,2.83,336.8,22.16,15.69,79.63,743.7,NAN,0,0.14,0.096,0.114,0.125,0.137,0.111,14.17,0,1020,12.11,17.82
2016-11-07 17:00:00,12089,1.708,326.2,30.34,16.35,77.46,502,NAN,0,0.139,0.095,0.114,0.125,0.137,0.111,14.57,0,1020,12.2,18.59
2016-11-07 18:00:00,12090,1.205,41.9,84,16.05,76.96,228.4,NAN,0,0.139,0.095,0.114,0.125,0.136,0.11,14.83,0,1020,11.52,18.25
2016-11-07 19:00:00,12091,2.872,171.8,18.99,13.2,84.2,-0.383,NAN,0,0.138,0.095,0.114,0.125,0.136,0.11,14.95,0,1020,10.16,15.2
2016-11-07 20:00:00,12092,2.884,200.8,21.49,11.56,60.48,-103.8,NAN,0,0.139,0.095,0.114,0.124,0.136,0.11,14.97,0,1020,7.469,13.62
2016-11-07 21:00:00,12093,1.508,222.9,26.75,12.15,76.75,-102,NAN,0,0.138,0.095,0.114,0.124,0.136,0.11,14.91,0,1020,3.337,14.16
2016-11-07 22:00:00,12094,2.54,220,17.83,10.4,68.82,-102.3,NAN,0,0.138,0.095,0.113,0.124,0.136,0.11,14.77,0,1020,6.025,12.61
2016-11-07 23:00:00,12095,3.124,214.3,17.82,9.22,77.27,-98.3,NAN,0,0.138,0.095,0.113,0.124,0.136,0.11,14.58,0,1021,6.702,11.66
2016-11-08 00:00:00,12096,3.853,204.9,22.6,9.15,84.8,-94.8,NAN,0,0.138,0.095,0.113,0.124,0.136,0.11,14.38,0,1020,5.85,11.6
2016-11-08 01:00:00,12097,4.603,201.3,12.2,8.06,86.7,-91.5,NAN,0,0.138,0.095,0.113,0.124,0.136,0.11,14.17,0,1020,6.899,10.77
2016-11-08 02:00:00,12098,2.868,198.5,42.57,8.88,53.78,-94.4,NAN,0,0.138,0.095,0.113,0.124,0.136,0.11,13.96,0,1020,5.225,11.39
2016-11-08 03:00:00,12099,1.148,235.9,36.42,11.82,36.4,-86.6,NAN,0,0.138,0.095,0.113,0.124,0.136,0.109,13.76,0,1020,-1.162,13.86
2016-11-08 04:00:00,12100,2.725,166.4,21.69,12.89,25.65,-65.85,NAN,0,0.138,0.095,0.113,0.124,0.136,0.109,13.57,0,1020,-6.481,14.86
2016-11-08 05:00:00,12101,4.505,151.7,9.63,11.68,29.85,-66.72,NAN,0,0.138,0.095,0.113,0.124,0.135,0.109,13.38,0,1020,-5.056,13.73
2016-11-08 06:00:00,12102,4.605,155.4,12.06,11.12,42.86,-64.96,NAN,0,0.138,0.095,0.113,0.124,0.135,0.109,13.21,0,1020,-3.781,13.22
2016-11-08 07:00:00,12103,3.515,140.4,19.14,12.11,40.72,27.62,NAN,0,0.138,0.095,0.113,0.124,0.135,0.109,13.05,0,1020,-1.86,14.14
2016-11-08 08:00:00,12104,4.512,146.8,24.5,12.2,40.77,76.46,NAN,0,0.137,0.095,0.113,0.124,0.135,0.108,12.91,0,1020,0.591,14.27
2016-11-08 09:00:00,12105,4.572,163.3,19.67,13.39,55.59,314.5,NAN,0,0.137,0.095,0.113,0.124,0.135,0.108,12.79,0,1021,3.01,15.39
2016-11-08 10:00:00,12106,4.003,141.1,18.83,13.41,50.84,323.3,NAN,0,0.137,0.095,0.113,0.123,0.135,0.108,12.72,0,1021,3.885,15.38
2016-11-08 11:00:00,12107,3.896,140.5,13.92,15.29,47.5,574.9,NAN,0,0.136,0.094,0.113,0.123,0.134,0.108,12.73,0,1021,3.909,17.39
2016-11-08 12:00:00,12108,3.191,141.2,15.92,14.83,67.05,481.7,NAN,0,0.136,0.094,0.112,0.123,0.134,0.107,12.81,0,1021,7.382,16.88
2016-11-08 13:00:00,12109,3.252,140.2,15.18,14.74,56.02,558.1,NAN,0,0.135,0.094,0.112,0.123,0.134,0.107,12.98,0,1021,7.316,16.77
2016-11-08 14:00:00,12110,3.253,138.3,25.12,16.9,58.01,1015,NAN,0,0.135,0.094,0.112,0.123,0.133,0.106,13.22,0,1021,7.126,19.25
2016-11-08 15:00:00,12111,2.94,145,35.66,16.88,58.6,610,NAN,0,0.134,0.094,0.112,0.122,0.133,0.106,13.49,0,1021,7.705,19.23
2016-11-08 16:00:00,12112,3.788,143.9,17.13,15.23,65.41,286.1,NAN,0,0.134,0.093,0.111,0.122,0.133,0.105,13.82,0,1020,8.67,17.3
2016-11-08 17:00:00,12113,3.734,141.9,17.09,14.56,67.2,250.8,NAN,0,0.134,0.093,0.111,0.122,0.132,0.105,14.15,0,1020,9,16.57
2016-11-08 18:00:00,12114,3.882,134.6,13.79,14.08,67.13,118.4,NAN,0,0.133,0.093,0.111,0.122,0.132,0.105,14.39,0,1020,8.35,16.06
2016-11-08 19:00:00,12115,3.889,137.1,14.76,12.76,77.56,-22.67,NAN,0,0.133,0.093,0.111,0.122,0.132,0.105,14.51,0,1020,8.24,14.74
2016-11-08 20:00:00,12116,5.519,157.5,22.49,11.55,76.36,-70.68,NAN,0,0.133,0.093,0.111,0.122,0.132,0.105,14.54,0,1020,7.76,13.61
2016-11-08 21:00:00,12117,4.787,190,15.19,11.3,51.33,-58.01,NAN,0,0.133,0.093,0.111,0.122,0.132,0.104,14.5,0,1020,6.782,13.39
2016-11-08 22:00:00,12118,2.193,135.8,40.16,12.93,40.28,-66.21,NAN,0,0.133,0.093,0.111,0.121,0.132,0.104,14.4,0,1020,3.235,14.92
2016-11-08 23:00:00,12119,1.143,137.8,22.58,13.05,44.54,-63.41,NAN,0,0.133,0.093,0.111,0.121,0.132,0.104,14.25,0,1019,0.757,15.06
2016-11-09 00:00:00,12120,0.986,118.7,60.95,13.04,52.31,-76.1,NAN,0,0.133,0.093,0.111,0.121,0.132,0.104,14.09,0,1019,2.26,15.02
2016-11-09 01:00:00,12121,1.211,127.9,35.76,11.82,60.39,-63.07,NAN,0,0.133,0.093,0.111,0.121,0.132,0.104,13.93,0,1019,4.606,13.87
2016-11-09 02:00:00,12122,0.661,183.8,57.79,13.06,50.55,-37.73,NAN,0,0.133,0.093,0.111,0.121,0.132,0.104,13.76,0,1019,2.828,15.03
2016-11-09 03:00:00,12123,1.477,135.5,27.77,12.72,57.56,-53.53,NAN,0,0.133,0.093,0.111,0.121,0.131,0.104,13.59,0,1018,3.139,14.7
2016-11-09 04:00:00,12124,1.047,130.3,12.51,11.32,50.66,-69.54,NAN,0,0.132,0.093,0.111,0.121,0.131,0.104,13.43,0,1018,2.78,13.41
2016-11-09 05:00:00,12125,1.257,134.1,5.929,11.11,52.59,-67.94,NAN,0,0.132,0.093,0.111,0.121,0.131,0.104,13.29,0,1018,2.898,13.22
2016-11-09 06:00:00,12126,0.789,122.4,15.64,11.34,57.14,-76.29,NAN,0,0.132,0.093,0.111,0.121,0.131,0.104,13.15,0,1018,0.404,13.42
2016-11-09 07:00:00,12127,2.257,144.8,28.89,13.24,63.14,8.93,NAN,0,0.132,0.093,0.111,0.121,0.131,0.103,13.01,0,1018,5.787,15.24
2016-11-09 08:00:00,12128,2.147,201.9,26.71,13.95,68.72,244.1,NAN,0,0.132,0.093,0.11,0.121,0.131,0.103,12.86,0,1019,6.369,15.93
2016-11-09 09:00:00,12129,1.74,162.7,68.47,16.03,60.62,517,NAN,0,0.132,0.093,0.11,0.121,0.131,0.103,12.73,0,1019,7.294,18.25
2016-11-09 10:00:00,12130,1.577,340.3,23.7,16.05,62.15,801,NAN,0,0.131,0.093,0.11,0.121,0.131,0.102,12.68,0,1019,7.94,18.23
2016-11-09 11:00:00,12131,1.547,340.7,28.23,15.97,68.12,909,NAN,0,0.131,0.092,0.11,0.121,0.13,0.102,12.77,0,1020,9.58,18.15
2016-11-09 12:00:00,12132,2.492,336.3,21.4,15.93,73.54,1038,NAN,0,0.13,0.092,0.11,0.12,0.13,0.102,13.04,0,1020,10.5,18.09
2016-11-09 13:00:00,12133,2.157,233.4,91.7,16.83,71.15,1024,NAN,0,0.13,0.092,0.109,0.12,0.129,0.101,13.45,0,1020,11.71,19.16
2016-11-09 14:00:00,12134,2.621,141.3,69.86,17.69,68.94,968,NAN,0,0.129,0.091,0.109,0.12,0.129,0.101,13.94,0,1020,11.65,20.23
2016-11-09 15:00:00,12135,2.451,143.8,49.74,17.84,63.42,869,NAN,0,0.129,0.091,0.109,0.12,0.129,0.1,14.46,0,1019,11.32,20.42
2016-11-09 16:00:00,12136,2.68,150.5,32.01,17.36,64.69,695.8,NAN,0,0.128,0.091,0.108,0.119,0.128,0.1,14.91,0,1019,10.43,19.81
2016-11-09 17:00:00,12137,2.549,144,27.07,16.78,69.04,477.1,NAN,0,0.127,0.091,0.108,0.119,0.128,0.099,15.28,0,1019,10.55,19.1
2016-11-09 18:00:00,12138,2.687,148.9,21.73,15.15,75.32,225.8,NAN,0,0.127,0.091,0.108,0.119,0.128,0.099,15.52,0,1019,10.26,17.22
2016-11-09 19:00:00,12139,3.45,149.4,21.1,12.85,88.3,2.199,NAN,0,0.127,0.09,0.108,0.119,0.127,0.098,15.63,0,1019,9.66,14.85
2016-11-09 20:00:00,12140,4.052,151.3,24.1,10.36,94.3,-105.3,NAN,0,0.127,0.09,0.108,0.119,0.127,0.098,15.62,0,1020,9.18,12.58
2016-11-09 21:00:00,12141,4.843,146.6,20.39,9.14,98.2,-100.5,NAN,0,0.127,0.09,0.108,0.119,0.127,0.098,15.53,0,1020,8.65,11.58
2016-11-09 22:00:00,12142,6.165,153.1,24.43,9.05,84.8,-95.4,NAN,0,0.127,0.09,0.108,0.118,0.127,0.098,15.37,0,1020,7.557,11.51
2016-11-09 23:00:00,12143,6.6,160.5,17.15,8.83,93.9,-95.6,NAN,0,0.127,0.09,0.108,0.118,0.127,0.098,15.17,0,1020,6.991,11.35
2016-11-10 00:00:00,12144,6.018,156,22.22,7.876,98.2,-67.12,NAN,0,0.126,0.09,0.108,0.118,0.127,0.098,14.95,0,1019,7.167,10.63
2016-11-10 01:00:00,12145,6.365,166.3,17.66,7.283,100,-38.16,NAN,0,0.126,0.09,0.108,0.118,0.127,0.098,14.73,0,1019,7.07,10.21
2016-11-10 02:00:00,12146,6.373,155.7,25.14,7.276,91.1,-61.24,NAN,0,0.126,0.09,0.108,0.118,0.127,0.098,14.51,0,1018,6.685,10.21
2016-11-10 03:00:00,12147,6.351,133.9,26.85,8.41,57.78,-96.4,NAN,0,0.126,0.09,0.108,0.118,0.127,0.098,14.31,0,1018,5.375,11.06
2016-11-10 04:00:00,12148,6.648,118.2,20.02,9.67,49.43,-90.8,NAN,0,0.126,0.09,0.108,0.118,0.127,0.097,14.12,0,1017,3.164,12.02
2016-11-10 05:00:00,12149,6.509,121.9,20.97,9.69,72.4,-80.3,NAN,0,0.126,0.09,0.108,0.118,0.127,0.097,13.93,0,1017,2.002,12.05
2016-11-10 06:00:00,12150,4.603,133.7,39.15,7.537,81.1,-70.66,NAN,0,0.126,0.09,0.108,0.118,0.127,0.097,13.76,0,1018,4.406,10.39
2016-11-10 07:00:00,12151,4.33,131.1,27.02,8.68,66.59,5.861,NAN,0,0.126,0.09,0.108,0.118,0.127,0.097,13.6,0,1018,4.208,11.25
2016-11-10 08:00:00,12152,6.304,134,14.84,10.95,63.11,189.1,NAN,0,0.126,0.09,0.108,0.118,0.126,0.097,13.45,0,1019,3.893,13.08
2016-11-10 09:00:00,12153,6.833,138.2,14.66,11.9,67.43,483.4,NAN,0,0.126,0.09,0.108,0.118,0.126,0.096,13.31,0,1019,5.176,13.93
2016-11-10 10:00:00,12154,6.012,136.5,18.28,12.52,72,696.2,NAN,0,0.125,0.09,0.107,0.118,0.126,0.096,13.23,0,1019,7.088,14.51
2016-11-10 11:00:00,12155,6.073,137.7,21.15,13.46,70.28,852,NAN,0,0.125,0.09,0.107,0.118,0.126,0.096,13.25,0,1019,8.39,15.43
2016-11-10 12:00:00,12156,9.59,140,13.24,13.46,81.5,805,NAN,0,0.124,0.09,0.107,0.117,0.125,0.095,13.41,0,1019,10.13,15.44
2016-11-10 13:00:00,12157,7.967,136.9,13.56,12.19,93.7,437.1,NAN,0,0.124,0.09,0.107,0.117,0.125,0.095,13.71,0,1019,10.73,14.2
2016-11-10 14:00:00,12158,8.09,133.7,11.86,11.32,100,340.6,NAN,0,0.124,0.09,0.107,0.117,0.125,0.095,14.03,0,1019,10.95,13.4
2016-11-10 15:00:00,12159,8.4,136.4,15.05,10.07,100,126.8,NAN,0,0.124,0.09,0.107,0.117,0.125,0.095,14.25,17.53,1018,10.07,12.33
2016-11-10 16:00:00,12160,8.73,133.4,14.24,9.36,100,102.2,NAN,0,0.124,0.089,0.107,0.117,0.125,0.095,14.39,25.91,1018,9.36,11.75
2016-11-10 17:00:00,12161,9.39,136.9,15.25,8.79,100,79.48,NAN,0,0.124,0.089,0.107,0.117,0.125,0.094,14.42,25.15,1018,8.79,11.31
2016-11-10 18:00:00,12162,9.2,135.6,17.54,8.54,100,39,NAN,0.254,0.124,0.09,0.107,0.117,0.124,0.094,14.38,36.58,1018,8.54,11.12
2016-11-10 19:00:00,12163,10.19,133.9,17.58,8.32,100,20.07,NAN,0,0.124,0.09,0.107,0.117,0.124,0.094,14.29,42.16,1018,8.32,10.96
2016-11-10 20:00:00,12164,14.2,130.3,12.1,7.949,100,0.225,NAN,0.254,0.124,0.09,0.107,0.117,0.124,0.094,14.17,57.66,1018,7.949,10.68
2016-11-10 21:00:00,12165,12.49,133,13.09,7.896,100,-2.025,NAN,0.254,0.124,0.09,0.107,0.117,0.125,0.094,14.04,57.91,1018,7.896,10.64
2016-11-10 22:00:00,12166,14.37,135,10.67,7.779,100,-2.05,NAN,0.254,0.124,0.09,0.107,0.117,0.124,0.094,13.88,59.18,1018,7.779,10.56
2016-11-10 23:00:00,12167,13.74,135.4,10.98,7.456,100,-2.198,NAN,0.254,0.124,0.09,0.107,0.117,0.124,0.094,13.72,43.69,1018,7.456,10.33
2016-11-11 00:00:00,12168,12.61,133,13.07,7.532,100,-2.211,NAN,0,0.124,0.09,0.107,0.117,0.124,0.094,13.55,40.13,1018,7.532,10.38
2016-11-11 01:00:00,12169,9.56,136.3,17.05,7.523,100,-2.22,NAN,0.254,0.124,0.09,0.107,0.117,0.124,0.094,13.39,25.15,1018,7.523,10.38
2016-11-11 02:00:00,12170,7.98,137.9,15.5,7.418,100,-2.336,NAN,0,0.124,0.09,0.107,0.117,0.124,0.094,13.24,18.03,1017,7.418,10.3
2016-11-11 03:00:00,12171,10.55,131.8,16.31,7.264,100,-4.687,NAN,0,0.124,0.09,0.107,0.117,0.124,0.094,13.1,5.08,1016,7.264,10.2
2016-11-11 04:00:00,12172,13.52,133.4,11.16,7.412,100,-34.59,NAN,0,0.124,0.09,0.107,0.117,0.124,0.094,12.97,0,1015,7.412,10.3
2016-11-11 05:00:00,12173,13.1,133.2,12.1,7.56,100,-24.36,NAN,0,0.124,0.09,0.107,0.117,0.124,0.094,12.85,0.508,1015,7.56,10.4
2016-11-11 06:00:00,12174,10.34,136.4,12.02,7.544,100,-0.797,NAN,0,0.124,0.09,0.107,0.117,0.124,0.094,12.74,16.76,1016,7.544,10.39
2016-11-11 07:00:00,12175,11.39,137.5,9.56,7.728,100,22.95,NAN,0,0.125,0.09,0.107,0.117,0.124,0.094,12.63,20.32,1017,7.728,10.52
2016-11-11 08:00:00,12176,10.26,142.2,9.11,8.21,100,218.9,NAN,0,0.125,0.09,0.107,0.117,0.124,0.094,12.53,4.318,1017,8.21,10.88
2016-11-11 09:00:00,12177,7.684,138.1,11.66,9.22,96.4,427.8,NAN,0,0.125,0.09,0.107,0.117,0.124,0.094,12.45,0.254,1018,9.21,11.65
2016-11-11 10:00:00,12178,6.934,134.4,13.05,9.99,98.9,425.4,NAN,0,0.125,0.09,0.108,0.117,0.124,0.094,12.42,0,1018,9.96,12.26
2016-11-11 11:00:00,12179,7.081,139.4,12.81,11.28,93.9,735,NAN,0,0.125,0.09,0.108,0.117,0.124,0.094,12.45,0,1018,10.72,13.38
2016-11-11 12:00:00,12180,5.058,138.1,20.58,12.11,86.1,634.8,NAN,0,0.125,0.09,0.108,0.117,0.124,0.094,12.56,0,1018,10.62,14.13
2016-11-11 13:00:00,12181,4.637,134.6,18.83,13.61,81.7,983,NAN,0,0.125,0.09,0.108,0.116,0.124,0.094,12.76,0,1017,10.95,15.58
2016-11-11 14:00:00,12182,6.476,137.2,13.02,13.63,85.9,754.4,NAN,0,0.124,0.09,0.108,0.116,0.123,0.093,13.04,0,1017,11.18,15.59
2016-11-11 15:00:00,12183,6.685,135,15,14.1,81.2,823,NAN,0,0.124,0.09,0.108,0.116,0.123,0.093,13.4,0,1016,11.37,16.08
2016-11-11 16:00:00,12184,7.235,144.1,15.05,14.43,82.4,699.7,NAN,0,0.124,0.089,0.108,0.116,0.123,0.093,13.76,0,1015,11.24,16.43
2016-11-11 17:00:00,12185,8.47,146.2,11.65,13.47,87.2,496.1,NAN,0,0.124,0.089,0.108,0.115,0.123,0.093,14.05,0,1015,11.09,15.44
2016-11-11 18:00:00,12186,8.35,145.9,13.95,11.96,94.3,294.8,NAN,0,0.123,0.089,0.108,0.115,0.122,0.092,14.26,0,1015,10.61,13.99
2016-11-11 19:00:00,12187,6.841,145.8,14.56,10.47,100,92.5,NAN,0,0.123,0.089,0.108,0.115,0.122,0.092,14.37,0,1015,10.09,12.67
2016-11-11 20:00:00,12188,5.853,143.6,16.12,9.21,100,-46.42,NAN,0,0.123,0.089,0.108,0.115,0.122,0.092,14.38,0,1015,9.19,11.64
2016-11-11 21:00:00,12189,5.446,138.8,16.68,8.62,100,-34.23,NAN,0,0.123,0.089,0.108,0.115,0.122,0.092,14.34,0.254,1015,8.62,11.18
2016-11-11 22:00:00,12190,6.126,144.1,13.36,8.33,100,-32.05,NAN,0,0.123,0.089,0.108,0.115,0.122,0.092,14.23,2.54,1015,8.33,10.97
2016-11-11 23:00:00,12191,5.811,143.9,14.01,8.13,100,-33.73,NAN,0,0.123,0.089,0.108,0.115,0.122,0.092,14.1,2.54,1015,8.13,10.81
2016-11-12 00:00:00,12192,4.794,136.6,14.54,7.94,100,-68.23,NAN,0,0.123,0.089,0.108,0.115,0.122,0.092,13.95,0.508,1015,7.94,10.68
2016-11-12 01:00:00,12193,5.364,136.7,15.02,8.09,100,-101.4,NAN,0,0.124,0.089,0.108,0.115,0.122,0.092,13.79,0.254,1015,8.02,10.78
2016-11-12 02:00:00,12194,4.843,133.1,17.92,8,100,-90.5,NAN,0,0.124,0.089,0.108,0.115,0.122,0.092,13.64,0,1014,7.88,10.72
2016-11-12 03:00:00,12195,5.3,136.1,17.05,7.749,94.1,-87,NAN,0,0.124,0.089,0.108,0.115,0.122,0.092,13.48,0,1013,7.274,10.54
2016-11-12 04:00:00,12196,6.501,126,16.12,7.608,100,-72.44,NAN,0,0.124,0.089,0.108,0.115,0.122,0.092,13.32,0,1013,7.192,10.44
2016-11-12 05:00:00,12197,7.142,128.3,16.53,7.277,96.8,-61.86,NAN,0,0.124,0.089,0.108,0.115,0.122,0.092,13.16,0,1013,7.047,10.2
2016-11-12 06:00:00,12198,8.2,135.4,12.65,7.043,100,-50.41,NAN,0,0.124,0.089,0.108,0.115,0.122,0.092,13.01,0,1014,6.823,10.04
2016-11-12 07:00:00,12199,7.119,137.4,13.24,7.054,100,24.56,NAN,0,0.124,0.09,0.108,0.115,0.122,0.092,12.87,0,1014,7.026,10.05
2016-11-12 08:00:00,12200,6.429,136,14.63,7.603,93.7,123.3,NAN,0,0.124,0.09,0.108,0.115,0.122,0.092,12.73,0,1015,7.026,10.44
2016-11-12 09:00:00,12201,5.06,138.2,14.13,8.32,96.9,204.5,NAN,0,0.124,0.09,0.108,0.115,0.122,0.092,12.63,0,1016,7.225,10.96
2016-11-12 10:00:00,12202,3.923,143.8,16.79,8.85,100,249.6,NAN,0,0.124,0.09,0.108,0.115,0.122,0.091,12.56,0,1016,7.848,11.37
2016-11-12 11:00:00,12203,2.588,166.1,36.04,7.449,100,118.9,NAN,0,0.124,0.09,0.108,0.115,0.122,0.091,12.55,5.842,1016,7.449,10.33
2016-11-12 12:00:00,12204,1.419,193.7,61.56,7.792,100,278.4,NAN,0,0.124,0.09,0.108,0.115,0.122,0.091,12.59,0.508,1016,7.792,10.57
2016-11-12 13:00:00,12205,1.505,262.7,51.46,8.15,100,306.2,NAN,0,0.124,0.09,0.108,0.115,0.122,0.091,12.64,0,1016,8.15,10.83
2016-11-12 14:00:00,12206,2.91,312.7,27.55,8.62,94,486,NAN,0,0.124,0.089,0.108,0.115,0.122,0.091,12.7,0,1016,8.19,11.19
2016-11-12 15:00:00,12207,2.987,316.2,30.76,8.83,91.7,476.5,NAN,0,0.124,0.089,0.108,0.115,0.121,0.091,12.81,0,1016,7.906,11.35
2016-11-12 16:00:00,12208,2.657,293.6,31.28,7.563,100,141.9,NAN,0,0.123,0.089,0.108,0.114,0.121,0.091,12.94,0,1016,7.15,10.41
2016-11-12 17:00:00,12209,2.342,285.5,41.8,6.92,96.3,86,NAN,0,0.123,0.089,0.108,0.114,0.121,0.091,13.09,0,1016,6.758,9.96
2016-11-12 18:00:00,12210,2.125,302.3,48.61,6.966,93.4,50.68,NAN,0,0.123,0.089,0.108,0.114,0.121,0.091,13.19,0,1016,6.344,9.99
2016-11-12 19:00:00,12211,2.105,307.4,40.85,6.518,98,3.499,NAN,0,0.124,0.089,0.108,0.114,0.121,0.091,13.23,0,1016,5.855,9.69
2016-11-12 20:00:00,12212,1.461,254.8,56.64,6.061,100,-34.24,NAN,0,0.124,0.089,0.108,0.114,0.121,0.091,13.22,0,1017,5.945,9.38
2016-11-12 21:00:00,12213,1.641,181.6,46.42,5.31,99.3,-29.9,NAN,0,0.123,0.089,0.108,0.114,0.121,0.091,13.17,0,1017,5.305,8.91
2016-11-12 22:00:00,12214,2.295,172.8,36.58,4.532,96.3,-37.71,NAN,0,0.123,0.089,0.108,0.114,0.121,0.091,13.09,0,1018,4.396,8.44
2016-11-12 23:00:00,12215,1.832,226.5,63.27,4.106,99.9,-30.01,NAN,0,0.123,0.089,0.108,0.114,0.121,0.091,12.99,0,1018,3.979,8.19
2016-11-13 00:00:00,12216,4.059,163.9,31.38,3.361,96.6,-87.5,NAN,0,0.123,0.089,0.108,0.114,0.121,0.091,12.87,0,1018,2.654,7.771
2016-11-13 01:00:00,12217,4.992,150,19.55,3.529,96.2,-33.2,NAN,0,0.123,0.089,0.108,0.114,0.121,0.09,12.74,0,1017,3.186,7.864
2016-11-13 02:00:00,12218,3.884,148.5,24.36,3.575,100,-22.13,NAN,0,0.123,0.089,0.108,0.114,0.121,0.09,12.59,0.254,1017,3.394,7.889
2016-11-13 03:00:00,12219,4.553,160.4,20.46,3.383,100,-21.43,NAN,0,0.123,0.089,0.108,0.114,0.121,0.09,12.44,1.016,1017,3.383,7.783
2016-11-13 04:00:00,12220,4.558,158.7,22.41,3.545,99.4,-13.93,NAN,0.508,0.124,0.09,0.108,0.114,0.121,0.09,12.3,4.826,1017,3.544,7.873
2016-11-13 05:00:00,12221,5.465,158,19.62,3.288,100,-20.1,NAN,0,0.124,0.09,0.108,0.114,0.121,0.09,12.17,0.508,1017,3.273,7.731
2016-11-13 06:00:00,12222,5.788,154.4,17.31,3.042,97.1,-23.8,NAN,0,0.124,0.09,0.108,0.114,0.121,0.09,12.04,0,1017,3.005,7.597
2016-11-13 07:00:00,12223,5.73,152.5,23.88,3.023,100,8.71,NAN,0,0.124,0.09,0.108,0.114,0.121,0.09,11.93,0.254,1017,2.981,7.587
2016-11-13 08:00:00,12224,5.721,148.6,28.83,2.815,100,82.6,NAN,0,0.124,0.09,0.108,0.114,0.121,0.09,11.81,0.508,1018,2.815,7.476
2016-11-13 09:00:00,12225,5.838,136.3,18.96,4.008,83.4,469.5,NAN,0,0.124,0.09,0.108,0.114,0.121,0.09,11.71,0,1018,3.18,8.14
2016-11-13 10:00:00,12226,6.884,139.2,13.58,4.335,100,289.3,NAN,0,0.124,0.09,0.108,0.114,0.121,0.09,11.62,0,1018,3.27,8.33
2016-11-13 11:00:00,12227,6.834,137.4,15.74,4.157,88.8,402.2,NAN,0,0.124,0.09,0.108,0.114,0.121,0.09,11.61,0.762,1019,3.42,8.23
2016-11-13 12:00:00,12228,8.03,138,15.33,5.752,87,625,NAN,0,0.124,0.09,0.108,0.114,0.121,0.09,11.65,0,1019,3.445,9.2
2016-11-13 13:00:00,12229,8.06,139.2,13.78,6.432,78.22,697,NAN,0,0.123,0.09,0.108,0.114,0.12,0.09,11.71,0,1019,3.928,9.64
2016-11-13 14:00:00,12230,8.74,141.2,15.64,7.966,74.16,974,NAN,0,0.123,0.089,0.107,0.114,0.12,0.09,11.83,0,1019,3.855,10.7
2016-11-13 15:00:00,12231,8.68,143,14.38,7.931,80.8,800,NAN,0,0.123,0.089,0.107,0.113,0.12,0.09,12.03,0,1019,4.324,10.67
2016-11-13 16:00:00,12232,9.17,140.1,15.98,7.786,78.14,595.7,NAN,0,0.123,0.089,0.107,0.113,0.12,0.09,12.3,0,1019,4.272,10.57
2016-11-13 17:00:00,12233,8.16,138,19.22,7.88,79.52,525.4,NAN,0,0.122,0.089,0.107,0.113,0.12,0.089,12.57,0,1019,4.305,10.63
2016-11-13 18:00:00,12234,8.73,138.1,15.18,7.098,85.7,293.2,NAN,0,0.122,0.089,0.107,0.113,0.12,0.089,12.76,0,1019,4.218,10.08
2016-11-13 19:00:00,12235,11.29,135.9,11.2,5.615,93.3,32.38,NAN,0,0.122,0.089,0.107,0.113,0.119,0.089,12.86,0,1019,4.112,9.1
2016-11-13 20:00:00,12236,12.44,133.7,11.25,4.64,95.6,-63.77,NAN,0,0.122,0.089,0.107,0.113,0.119,0.089,12.87,0,1019,3.963,8.5
2016-11-13 21:00:00,12237,15.32,134.6,10.87,4.278,100,-55.11,NAN,0,0.122,0.089,0.107,0.113,0.119,0.089,12.81,0,1019,4.077,8.29
2016-11-13 22:00:00,12238,16.43,138.5,9.11,4.012,100,-42.26,NAN,0,0.122,0.089,0.107,0.113,0.119,0.089,12.68,0,1019,4.012,8.14
2016-11-13 23:00:00,12239,14.96,138.9,11.09,3.97,97.8,-53.77,NAN,0,0.122,0.089,0.107,0.113,0.119,0.089,12.53,0,1020,3.783,8.11
2016-11-14 00:00:00,12240,13.24,134,12.41,4.218,95.8,-59.45,NAN,0,0.122,0.089,0.107,0.113,0.119,0.089,12.37,0,1020,3.798,8.25
2016-11-14 01:00:00,12241,11.4,135.8,13.37,4.321,99.9,-51.13,NAN,0,0.122,0.089,0.107,0.113,0.119,0.089,12.2,0,1020,4.013,8.31
2016-11-14 02:00:00,12242,11.53,135.1,11.19,4.463,96,-73.35,NAN,0,0.122,0.089,0.107,0.113,0.119,0.088,12.04,0,1020,4.1,8.4
2016-11-14 03:00:00,12243,11.82,133.7,10.4,4.89,87.2,-87.6,NAN,0,0.122,0.089,0.107,0.113,0.119,0.088,11.89,0,1020,3.798,8.65
2016-11-14 04:00:00,12244,12.21,130.7,10.19,5.449,87.1,-88.4,NAN,0,0.122,0.089,0.107,0.112,0.119,0.088,11.75,0,1020,3.678,9
2016-11-14 05:00:00,12245,11.99,127.8,13.03,5.364,88.6,-89.9,NAN,0,0.121,0.089,0.107,0.112,0.119,0.088,11.62,0,1020,3.65,8.94
2016-11-14 06:00:00,12246,11.57,127.2,12.5,5.441,88.6,-84.7,NAN,0,0.121,0.089,0.107,0.112,0.119,0.088,11.5,0,1020,3.725,8.99
2016-11-14 07:00:00,12247,9.5,122.7,15.28,5.863,86.4,38.37,NAN,0,0.121,0.089,0.107,0.112,0.119,0.088,11.39,0,1021,4.141,9.26
2016-11-14 08:00:00,12248,9.16,155.1,18.42,7.057,84.4,328.6,NAN,0,0.121,0.089,0.107,0.112,0.119,0.088,11.29,0,1022,4.995,10.06
2016-11-14 09:00:00,12249,6.814,150.8,21.82,8.39,83.9,522.4,NAN,0,0.121,0.089,0.107,0.112,0.119,0.088,11.21,0,1022,5.681,11.01
2016-11-14 10:00:00,12250,6.884,157.3,23.43,9.58,75.71,695.8,NAN,0,0.121,0.089,0.106,0.112,0.118,0.088,11.2,0,1022,6.424,11.93
2016-11-14 11:00:00,12251,6.124,153.9,28.41,11.23,67.18,863,NAN,0,0.121,0.089,0.106,0.112,0.118,0.088,11.31,0,1023,6.513,13.33
2016-11-14 12:00:00,12252,6.104,131.4,27.3,12.65,57.94,970,NAN,0,0.12,0.088,0.106,0.112,0.118,0.087,11.56,0,1023,6.054,14.64
2016-11-14 13:00:00,12253,7.456,132.6,18.8,13.76,56.9,988,NAN,0,0.12,0.088,0.106,0.111,0.118,0.087,11.94,0,1022,6.516,15.73
2016-11-14 14:00:00,12254,7.875,133.9,14.39,14.59,55.84,952,NAN,0,0.12,0.088,0.106,0.111,0.117,0.087,12.4,0,1022,6.754,16.6
2016-11-14 15:00:00,12255,8.17,139,14.2,15.24,61.68,843,NAN,0,0.119,0.088,0.105,0.111,0.117,0.087,12.89,0,1022,7.388,17.31
2016-11-14 16:00:00,12256,8.13,137.6,14.52,14.91,64.82,685.3,NAN,0,0.119,0.088,0.105,0.111,0.117,0.086,13.32,0,1022,7.916,16.94
2016-11-14 17:00:00,12257,8.64,136.5,12.68,13.77,71.32,479.9,NAN,0,0.118,0.087,0.105,0.11,0.116,0.086,13.67,0,1021,8.09,15.74
2016-11-14 18:00:00,12258,8.96,145.6,14.09,12.58,75.94,234.1,NAN,0,0.118,0.087,0.105,0.11,0.116,0.086,13.91,0,1021,8.28,14.57
2016-11-14 19:00:00,12259,6.13,138.2,13.15,11.29,84.4,21.21,NAN,0,0.118,0.087,0.105,0.11,0.116,0.085,14.02,0,1021,8.05,13.38
2016-11-14 20:00:00,12260,5.795,129.2,10.45,9.91,85.8,-103.3,NAN,0,0.118,0.087,0.105,0.11,0.116,0.085,14.03,0,1021,7.533,12.2
2016-11-14 21:00:00,12261,6.385,134.3,11.11,9.48,86.7,-105.1,NAN,0,0.117,0.087,0.105,0.11,0.116,0.085,13.96,0,1020,7.151,11.86
2016-11-14 22:00:00,12262,7.469,135.9,9.1,10.38,70.59,-105,NAN,0,0.118,0.087,0.105,0.11,0.116,0.085,13.84,0,1020,6.339,12.6
2016-11-14 23:00:00,12263,5.984,135,11.66,10.08,70.74,-106.5,NAN,0,0.117,0.087,0.104,0.11,0.116,0.085,13.68,0,1020,6.016,12.35
2016-11-15 00:00:00,12264,6.277,134.6,7.979,11.5,59.05,-105.3,NAN,0,0.117,0.087,0.104,0.11,0.116,0.085,13.51,0,1020,4.571,13.56
2016-11-15 01:00:00,12265,6.014,144.7,11.14,10.82,59.52,-99.2,NAN,0,0.117,0.087,0.104,0.11,0.116,0.084,13.34,0,1019,4.022,12.96
2016-11-15 02:00:00,12266,6.069,150.5,13.37,11.19,58.71,-99.2,NAN,0,0.117,0.087,0.104,0.11,0.116,0.084,13.17,0,1018,3.821,13.29
2016-11-15 03:00:00,12267,6.302,157.2,18.83,11.02,66.42,-94.6,NAN,0,0.117,0.087,0.104,0.11,0.116,0.084,13.01,0,1017,4.201,13.14
2016-11-15 04:00:00,12268,5.019,166,20.87,11.64,48.79,-86.4,NAN,0,0.117,0.087,0.104,0.11,0.116,0.084,12.87,0,1017,3.959,13.71
2016-11-15 05:00:00,12269,2.797,125,22.08,12.64,45.79,-97.5,NAN,0,0.117,0.087,0.104,0.109,0.115,0.084,12.73,0,1017,2.537,14.64
2016-11-15 06:00:00,12270,1.062,125.7,16.66,13.49,35.17,-67.82,NAN,0,0.117,0.087,0.104,0.109,0.115,0.084,12.6,0,1017,-0.434,15.47
2016-11-15 07:00:00,12271,0.21,138.8,7.688,18.94,25.45,38.05,NAN,0,0.116,0.087,0.104,0.109,0.115,0.084,12.49,0,1017,0.975,22.1
2016-11-15 08:00:00,12272,0.147,16.47,19.02,23.29,18.06,259.9,NAN,0,0.116,0.087,0.104,0.109,0.115,0.084,12.37,0,1018,-0.845,28.6
2016-11-15 09:00:00,12273,0.422,354.5,39.47,23.08,18.41,505.3,NAN,0,0.116,0.087,0.104,0.109,0.115,0.083,12.27,0,1018,-1.076,28.22
2016-11-15 10:00:00,12274,1.572,343.7,14.86,22.65,23.71,736.2,NAN,0,0.115,0.086,0.103,0.109,0.115,0.083,12.25,0,1017,-0.852,27.5
2016-11-15 11:00:00,12275,2.403,342.1,12.23,22.26,30.27,948,NAN,0,0.114,0.086,0.103,0.108,0.114,0.082,12.39,0,1017,2.256,26.85
2016-11-15 12:00:00,12276,3.377,342.9,15.2,22.54,28.24,1039,NAN,0,0.113,0.086,0.103,0.108,0.114,0.082,12.68,0,1017,4.258,27.31
2016-11-15 13:00:00,12277,3.545,343.2,16.05,23.41,31.58,1029,NAN,0,0.113,0.085,0.103,0.108,0.113,0.081,13.13,0,1017,4.737,28.81
2016-11-15 14:00:00,12278,3.431,341.4,19.23,24.09,27.53,1000,NAN,0,0.112,0.085,0.102,0.107,0.113,0.081,13.65,0,1016,4.78,29.99
2016-11-15 15:00:00,12279,3.521,339.6,22.9,24.76,31.59,908,NAN,0,0.111,0.085,0.102,0.107,0.112,0.08,14.18,0,1016,5.668,31.24
2016-11-15 16:00:00,12280,3.127,332.3,26.24,24.79,31.77,742,NAN,0,0.111,0.084,0.102,0.107,0.112,0.08,14.66,0,1015,7.341,31.28
2016-11-15 17:00:00,12281,2.238,322.7,36.82,24.38,35.77,513.8,NAN,0,0.11,0.084,0.101,0.106,0.111,0.079,15.04,0,1015,7.42,30.52
2016-11-15 18:00:00,12282,2.667,183.1,68.25,22.42,39.96,240.7,NAN,0,0.109,0.084,0.101,0.106,0.111,0.079,15.32,0,1015,6.73,27.19
2016-11-15 19:00:00,12283,3.248,164.8,14.43,19.48,45.72,19.12,NAN,0,0.109,0.084,0.101,0.106,0.111,0.078,15.48,0,1015,6.497,22.67
2016-11-15 20:00:00,12284,3.277,173.9,23.68,17.26,46.16,-103.3,NAN,0,0.109,0.084,0.101,0.106,0.111,0.078,15.52,0,1015,4.988,19.69
2016-11-15 21:00:00,12285,0.524,137.3,16.38,15.95,53.26,-91.7,NAN,0,0.108,0.084,0.101,0.106,0.11,0.078,15.48,0,1015,5.164,18.14
2016-11-15 22:00:00,12286,0.516,141.7,16.75,14.88,55.68,-86.5,NAN,0,0.108,0.084,0.101,0.106,0.111,0.077,15.36,0,1015,5.479,16.91
2016-11-15 23:00:00,12287,0.622,141.9,13.51,14.63,51.56,-80.6,NAN,0,0.108,0.084,0.101,0.106,0.111,0.077,15.19,0,1015,5.25,16.66
2016-11-16 00:00:00,12288,0.269,355.2,23.48,16.92,37.78,-87.5,NAN,0,0.108,0.084,0.1,0.105,0.11,0.077,14.98,0,1014,3.456,19.28
2016-11-16 01:00:00,12289,0.415,3.482,39.03,17.42,38.31,-92.4,NAN,0,0.108,0.084,0.1,0.105,0.11,0.077,14.75,0,1014,2.64,19.9
2016-11-16 02:00:00,12290,0.727,135,20.44,15.35,51.82,-78.92,NAN,0,0.108,0.084,0.1,0.106,0.11,0.077,14.52,0,1014,3.939,17.48
2016-11-16 03:00:00,12291,0.301,140.3,17.63,14.63,45.51,-77.05,NAN,0,0.108,0.084,0.1,0.105,0.11,0.077,14.29,0,1013,5.108,16.64
2016-11-16 04:00:00,12292,0.027,108,8.47,15.06,46.83,-69.31,NAN,0,0.108,0.084,0.101,0.105,0.11,0.077,14.08,0,1013,4.423,17.11
2016-11-16 05:00:00,12293,0.026,41.89,14,14.71,57.04,-50.82,NAN,0,0.108,0.084,0.101,0.105,0.11,0.077,13.87,0,1013,4.44,16.74
2016-11-16 06:00:00,12294,0.337,127.1,13.44,12.93,75.1,-39.31,NAN,0,0.108,0.084,0.101,0.105,0.11,0.077,13.67,0,1013,5.974,14.91
2016-11-16 07:00:00,12295,2.931,177.2,28.85,11.54,95.3,13.05,NAN,0,0.107,0.084,0.101,0.105,0.11,0.076,13.49,0,1013,8.3,13.6
2016-11-16 08:00:00,12296,4.762,194.4,16.25,11.1,90.3,149.3,NAN,0,0.107,0.084,0.1,0.105,0.11,0.076,13.35,0,1013,9.47,13.21
2016-11-16 09:00:00,12297,6.017,177.6,19.25,12.58,78.46,488,NAN,0,0.107,0.084,0.1,0.105,0.11,0.076,13.23,0,1014,10.43,14.57
2016-11-16 10:00:00,12298,5.634,162.5,15.29,13.93,81.2,533.7,NAN,0,0.107,0.084,0.1,0.105,0.11,0.076,13.18,0,1014,10.52,15.91
2016-11-16 11:00:00,12299,3.675,144.9,27.9,15.21,80.7,868,NAN,0,0.106,0.084,0.1,0.105,0.11,0.076,13.22,0,1014,10.96,17.28
2016-11-16 12:00:00,12300,3.365,147.3,34.05,15.82,74.73,954,NAN,0,0.106,0.083,0.1,0.105,0.109,0.075,13.37,0,1014,11.41,17.97
2016-11-16 13:00:00,12301,5.136,144.3,18.19,16.2,81.3,904,NAN,0,0.105,0.083,0.1,0.104,0.109,0.075,13.66,0,1014,11.44,18.42
2016-11-16 14:00:00,12302,5.27,142.1,19.47,15.73,81.8,769,NAN,0,0.105,0.083,0.099,0.104,0.108,0.075,14.07,0,1014,11.93,17.87
2016-11-16 15:00:00,12303,5.879,144,15.23,14.82,85.1,464.7,NAN,0,0.104,0.083,0.099,0.104,0.108,0.075,14.51,0,1014,12.1,16.85
2016-11-16 16:00:00,12304,6.518,146.6,15.31,14.41,86.4,456,NAN,0,0.104,0.082,0.099,0.104,0.108,0.074,14.89,0,1014,11.94,16.42
2016-11-16 17:00:00,12305,7.718,145.3,14.25,13.4,88.7,473.7,NAN,0,0.104,0.082,0.099,0.103,0.108,0.074,15.14,0,1014,11.39,15.37
2016-11-16 18:00:00,12306,7.805,148.2,17.5,12.01,96.8,303,NAN,0,0.103,0.082,0.099,0.103,0.107,0.074,15.28,0,1013,10.91,14.03
2016-11-16 19:00:00,12307,7.883,141.9,13.42,10.85,100,122.2,NAN,0,0.103,0.082,0.098,0.103,0.108,0.073,15.34,0,1013,10.62,12.99
2016-11-16 20:00:00,12308,6.978,148.1,14.73,9.94,100,-12.87,NAN,0,0.103,0.082,0.098,0.103,0.107,0.073,15.34,0,1014,9.94,12.22
2016-11-16 21:00:00,12309,7.108,143.4,12.3,9.45,100,-16.49,NAN,0,0.103,0.082,0.099,0.103,0.107,0.073,15.28,0.508,1014,9.45,11.82
2016-11-16 22:00:00,12310,7.696,144.2,13.2,9.03,100,-38.52,NAN,0,0.103,0.082,0.099,0.103,0.107,0.073,15.17,1.016,1014,9.03,11.5
2016-11-16 23:00:00,12311,8.64,143.1,15.18,8.79,100,-38.77,NAN,0,0.103,0.082,0.098,0.103,0.107,0.073,15.02,0.254,1014,8.79,11.31
2016-11-17 00:00:00,12312,9.02,140.4,13.04,8.89,100,-12.98,NAN,0,0.103,0.082,0.098,0.103,0.107,0.072,14.85,1.27,1014,8.89,11.39
2016-11-17 01:00:00,12313,8.09,134.2,12.8,8.92,100,-6.275,NAN,0,0.103,0.082,0.098,0.103,0.107,0.072,14.68,1.016,1014,8.92,11.41
2016-11-17 02:00:00,12314,8.95,135.2,13.55,8.8,100,-10.87,NAN,0,0.103,0.082,0.098,0.103,0.107,0.072,14.51,0.508,1014,8.8,11.32
2016-11-17 03:00:00,12315,9.56,137.4,10.45,8.58,100,-7.003,NAN,0,0.103,0.082,0.098,0.103,0.107,0.072,14.35,5.334,1013,8.58,11.15
2016-11-17 04:00:00,12316,9.83,135.3,11.77,8.45,100,-3.906,NAN,0,0.102,0.082,0.098,0.103,0.107,0.072,14.21,8.89,1013,8.45,11.05
2016-11-17 05:00:00,12317,9.79,135.2,12.11,8.17,100,-4.339,NAN,0,0.102,0.082,0.098,0.103,0.107,0.072,14.07,2.54,1014,8.17,10.84
2016-11-17 06:00:00,12318,9.72,135.8,12.49,8.09,100,-1.459,NAN,0,0.102,0.082,0.098,0.103,0.107,0.072,13.94,4.318,1014,8.09,10.79
2016-11-17 07:00:00,12319,8.56,137.5,12.1,8.05,100,19.86,NAN,0,0.102,0.082,0.098,0.103,0.107,0.072,13.81,2.032,1015,8.05,10.76
2016-11-17 08:00:00,12320,7.437,137.7,14.16,7.87,100,45.38,NAN,0.254,0.102,0.082,0.098,0.103,0.107,0.072,13.69,8.38,1016,7.87,10.63
2016-11-17 09:00:00,12321,6.023,135.9,15.8,8.05,100,77.84,NAN,0.508,0.102,0.082,0.098,0.103,0.107,0.072,13.58,5.588,1017,8.05,10.76
2016-11-17 10:00:00,12322,6.281,137.1,15.91,8.46,99.7,223.5,NAN,0.254,0.102,0.082,0.098,0.103,0.107,0.072,13.48,1.778,1017,8.44,11.06
2016-11-17 11:00:00,12323,5.817,138.1,18.89,8.96,99.2,199.4,NAN,0,0.102,0.082,0.098,0.103,0.107,0.072,13.39,0.254,1018,8.9,11.44
2016-11-17 12:00:00,12324,4.935,141.7,20.68,9.72,94.8,225.6,NAN,0,0.103,0.082,0.098,0.103,0.107,0.072,13.33,0,1018,9.4,12.05
2016-11-17 13:00:00,12325,6.694,139.5,13.47,9.82,100,270.7,NAN,0.254,0.103,0.082,0.098,0.103,0.107,0.072,13.31,0.762,1018,9.39,12.13
2016-11-17 14:00:00,12326,6.493,139.4,14.61,9.64,96.7,201.3,NAN,0,0.103,0.083,0.098,0.103,0.107,0.072,13.31,0.762,1019,9.48,11.98
2016-11-17 15:00:00,12327,6.724,138.7,15.38,9.46,83.2,351.7,NAN,0.254,0.103,0.083,0.098,0.103,0.107,0.072,13.33,1.016,1019,7.852,11.84
2016-11-17 16:00:00,12328,7.927,137.4,13.94,11.04,79.72,787.9,NAN,0,0.103,0.082,0.098,0.103,0.107,0.072,13.36,0,1019,7.721,13.15
2016-11-17 17:00:00,12329,7.223,138.3,14.36,10.42,79.61,500.3,NAN,0,0.102,0.082,0.098,0.103,0.107,0.072,13.38,0,1019,7.303,12.62
2016-11-17 18:00:00,12330,9.24,135.5,16.56,9.91,86.5,267.2,NAN,0,0.102,0.082,0.098,0.102,0.106,0.072,13.44,0,1019,7.278,12.2
2016-11-17 19:00:00,12331,11.13,137.3,11.41,8.94,88.5,29.99,NAN,0,0.102,0.082,0.098,0.102,0.106,0.071,13.49,0.254,1019,6.936,11.43
2016-11-17 20:00:00,12332,12.09,136.1,11.71,8.06,91.9,-70.07,NAN,0,0.102,0.082,0.098,0.102,0.106,0.071,13.5,0,1019,6.618,10.77
2016-11-17 21:00:00,12333,13,137.7,9.64,7.27,94.5,-83.4,NAN,0,0.101,0.082,0.098,0.102,0.106,0.071,13.46,0,1019,6.202,10.2
2016-11-17 22:00:00,12334,13.25,133.4,12.8,6.789,98.2,-42.42,NAN,0,0.101,0.082,0.098,0.102,0.106,0.071,13.36,0,1020,6.331,9.87
2016-11-17 23:00:00,12335,11.83,134.4,12.59,6.479,98.6,-23.61,NAN,0,0.101,0.082,0.098,0.102,0.106,0.071,13.24,0,1020,6.182,9.66
2016-11-18 00:00:00,12336,9.86,137.5,15.63,6.244,100,-8.57,NAN,0,0.101,0.082,0.098,0.102,0.106,0.071,13.11,0,1021,6.206,9.5
2016-11-18 01:00:00,12337,7.933,144.4,24.09,6.132,100,-7.212,NAN,0,0.101,0.082,0.098,0.102,0.106,0.071,12.98,0,1021,6.132,9.43
2016-11-18 02:00:00,12338,8.74,131.1,17.85,6.259,96,-40.91,NAN,0,0.101,0.082,0.098,0.102,0.106,0.071,12.86,0,1021,6.121,9.51
2016-11-18 03:00:00,12339,11.4,132,9.84,7.344,60.96,-100.9,NAN,0,0.101,0.082,0.098,0.102,0.106,0.071,12.75,0,1020,4.288,10.26
2016-11-18 04:00:00,12340,8.22,127.3,19.55,8.15,80.5,-110.1,NAN,0,0.101,0.082,0.098,0.102,0.106,0.071,12.64,0,1020,1.346,10.86
2016-11-18 05:00:00,12341,7.305,159.7,18.54,6.127,89.6,-100,NAN,0,0.101,0.082,0.098,0.102,0.106,0.071,12.53,0,1020,4.636,9.43
2016-11-18 06:00:00,12342,7.014,153.2,18.75,6.296,76.37,-94.5,NAN,0,0.101,0.082,0.098,0.102,0.106,0.07,12.41,0,1020,4.217,9.54
2016-11-18 07:00:00,12343,6.062,140,16.95,8.13,68.47,22.34,NAN,0,0.101,0.082,0.098,0.102,0.106,0.07,12.3,0,1021,3.076,10.82
2016-11-18 08:00:00,12344,5.842,151.4,24.78,9.06,71.4,257.7,NAN,0,0.101,0.082,0.098,0.102,0.106,0.07,12.18,0,1021,4.201,11.52
2016-11-18 09:00:00,12345,4.373,159,35.07,10.68,65.58,509.5,NAN,0,0.1,0.082,0.097,0.102,0.105,0.07,12.08,0,1022,4.26,12.85
2016-11-18 10:00:00,12346,4.593,142.6,21.14,11.53,64.57,718,NAN,0,0.1,0.082,0.097,0.101,0.105,0.07,12.05,0,1022,4.754,13.6
2016-11-18 11:00:00,12347,5.139,142.8,18,12.9,64.09,876,NAN,0,0.099,0.082,0.097,0.101,0.105,0.07,12.12,0,1023,6.088,14.87
2016-11-18 12:00:00,12348,3.954,135,31.38,14.16,59.94,986,NAN,0,0.099,0.082,0.097,0.101,0.104,0.069,12.35,0,1023,6.917,16.14
2016-11-18 13:00:00,12349,5.036,149.7,21.56,15.14,58.83,994,NAN,0,0.099,0.081,0.097,0.1,0.104,0.069,12.72,0,1023,7.252,17.21
2016-11-18 14:00:00,12350,5.53,148,21.15,15.79,56.9,954,NAN,0,0.098,0.081,0.096,0.1,0.104,0.069,13.2,0,1023,7.562,17.94
2016-11-18 15:00:00,12351,5.917,139.9,21.91,16.13,56.51,863,NAN,0,0.098,0.081,0.096,0.1,0.103,0.069,13.71,0,1023,7.348,18.32
2016-11-18 16:00:00,12352,5.697,149.3,25.4,16.34,60.27,700.5,NAN,0,0.097,0.081,0.096,0.099,0.103,0.068,14.17,0,1022,8.04,18.58
2016-11-18 17:00:00,12353,4.791,152.8,25.8,15.61,64.52,495.1,NAN,0,0.097,0.08,0.096,0.099,0.103,0.068,14.54,0,1022,8.51,17.73
2016-11-18 18:00:00,12354,3.608,138.6,36.37,14.65,75.01,263.1,NAN,0,0.096,0.08,0.095,0.099,0.102,0.068,14.79,0,1022,8.89,16.67
2016-11-18 19:00:00,12355,4.153,146.7,28.04,13,79.33,29.45,NAN,0,0.096,0.08,0.095,0.099,0.102,0.067,14.92,0,1022,8.98,14.97
2016-11-18 20:00:00,12356,4.274,144.7,17.22,10.8,90.2,-105.8,NAN,0,0.096,0.08,0.095,0.099,0.102,0.067,14.95,0,1022,8.59,12.95
2016-11-18 21:00:00,12357,5.213,152.3,18.13,9.67,91.7,-111.2,NAN,0,0.096,0.08,0.095,0.099,0.102,0.067,14.9,0,1022,8.49,12.01
2016-11-18 22:00:00,12358,6.761,154.7,16.35,9.88,74.16,-110.5,NAN,0,0.095,0.08,0.095,0.099,0.102,0.067,14.78,0,1022,7.48,12.18
2016-11-18 23:00:00,12359,6.623,147.4,16.44,11.11,70.3,-111,NAN,0,0.095,0.08,0.095,0.099,0.102,0.066,14.61,0,1022,5.153,13.24
2016-11-19 00:00:00,12360,6.29,137.7,12.37,11.79,53.18,-113,NAN,0,0.095,0.08,0.095,0.099,0.102,0.066,14.42,0,1021,2.571,13.83
2016-11-19 01:00:00,12361,6.065,140.7,14.39,12.3,37.38,-115.7,NAN,0,0.095,0.08,0.095,0.098,0.102,0.066,14.23,0,1021,1.346,14.35
2016-11-19 02:00:00,12362,4.976,142.5,19.23,12.14,56.66,-117.1,NAN,0,0.095,0.08,0.095,0.098,0.102,0.066,14.04,0,1020,2.21,14.15
2016-11-19 03:00:00,12363,5.929,149,15.03,10.61,78.91,-112.2,NAN,0,0.094,0.08,0.095,0.098,0.102,0.066,13.86,0,1020,4.791,12.79
2016-11-19 04:00:00,12364,6.941,157.7,12.58,9.83,71.07,-109.2,NAN,0,0.094,0.08,0.095,0.098,0.102,0.066,13.69,0,1019,5.428,12.13
2016-11-19 05:00:00,12365,6.012,138.9,15.43,10.77,56.56,-112.9,NAN,0,0.094,0.08,0.095,0.098,0.101,0.065,13.53,0,1019,2.683,12.93
2016-11-19 06:00:00,12366,5.991,124.1,12.99,11.54,37.24,-117.7,NAN,0,0.094,0.08,0.095,0.098,0.101,0.065,13.38,0,1019,0.627,13.6
2016-11-19 07:00:00,12367,7.021,131.1,13.21,13.51,32.14,14.47,NAN,0,0.094,0.08,0.095,0.098,0.101,0.065,13.25,0,1019,-2.216,15.48
2016-11-19 08:00:00,12368,6.756,127.4,13.51,14.42,38.97,255.9,NAN,0,0.093,0.08,0.095,0.098,0.101,0.065,13.11,0,1020,-1.955,16.43
2016-11-19 09:00:00,12369,5.087,131.4,16.4,14.44,44.02,510.4,NAN,0,0.093,0.079,0.094,0.098,0.101,0.064,13.01,0,1020,0.631,16.44
2016-11-19 10:00:00,12370,6.091,129.1,16.49,15.09,35.68,726.9,NAN,0,0.092,0.079,0.094,0.097,0.1,0.064,12.96,0,1020,0.343,17.16
2016-11-19 11:00:00,12371,5.767,132,16.33,16.39,39.88,876,NAN,0,0.092,0.079,0.094,0.097,0.1,0.064,13.01,0,1020,0.34,18.63
2016-11-19 12:00:00,12372,5.185,136.2,18.17,17.04,47.38,971,NAN,0,0.091,0.079,0.094,0.097,0.099,0.064,13.19,0,1020,2.953,19.42
2016-11-19 13:00:00,12373,4.245,137.7,23.33,17.07,59.29,1010,NAN,0,0.09,0.078,0.093,0.096,0.099,0.063,13.5,0,1020,7.736,19.46
2016-11-19 14:00:00,12374,5.79,139.5,16.83,17.69,51.16,960,NAN,0,0.09,0.078,0.093,0.096,0.098,0.063,13.91,0,1020,7.796,20.23
2016-11-19 15:00:00,12375,7.19,138.2,16.49,18.24,50.88,854,NAN,0,0.089,0.078,0.093,0.095,0.098,0.063,14.37,0,1020,7.903,20.94
2016-11-19 16:00:00,12376,7.794,139.5,17.42,18.16,48.37,697.8,NAN,0,0.089,0.077,0.092,0.095,0.097,0.062,14.79,0,1019,7.137,20.83
2016-11-19 17:00:00,12377,7.248,136.8,17.44,17.69,53.23,493.8,NAN,0,0.088,0.077,0.092,0.095,0.097,0.062,15.12,0,1019,7.35,20.24
2016-11-19 18:00:00,12378,7.65,142.5,16.11,16.3,53.63,248.9,NAN,0,0.087,0.077,0.092,0.094,0.097,0.061,15.34,0,1019,7.848,18.53
2016-11-19 19:00:00,12379,6.673,146.2,14.24,14.41,71.72,27.85,NAN,0,0.087,0.077,0.092,0.094,0.096,0.061,15.45,0,1019,8.11,16.42
2016-11-19 20:00:00,12380,5.232,147.4,21.19,11.9,85.5,-108.5,NAN,0,0.087,0.077,0.092,0.094,0.096,0.06,15.46,0,1018,8.43,13.94
2016-11-19 21:00:00,12381,4.971,149.9,15.74,10.59,85.8,-114.3,NAN,0,0.087,0.077,0.092,0.094,0.096,0.06,15.39,0,1018,8.28,12.76
2016-11-19 22:00:00,12382,5.201,133.6,15.53,11.13,44.93,-122.9,NAN,0,0.086,0.077,0.092,0.094,0.096,0.06,15.26,0,1019,4.79,13.25
2016-11-19 23:00:00,12383,6.896,128.4,11.19,13.03,32.62,-121.6,NAN,0,0.086,0.077,0.092,0.094,0.096,0.06,15.09,0,1018,-1.447,15
2016-11-20 00:00:00,12384,7.534,128,13.2,13.79,28.19,-128.1,NAN,0,0.086,0.077,0.092,0.094,0.096,0.06,14.9,0,1018,-3.658,15.76
2016-11-20 01:00:00,12385,6.127,124.2,12.57,12.99,36.19,-132.3,NAN,0,0.085,0.077,0.091,0.094,0.096,0.059,14.7,0,1018,-1.171,14.96
2016-11-20 02:00:00,12386,6.166,131.1,15.09,13.01,37.46,-125.6,NAN,0,0.085,0.077,0.091,0.094,0.096,0.059,14.51,0,1017,-2.113,14.98
2016-11-20 03:00:00,12387,5.768,128.7,20.71,12.17,40,-124,NAN,0,0.085,0.076,0.091,0.094,0.096,0.059,14.32,0,1016,-1.78,14.17
2016-11-20 04:00:00,12388,6.696,134.2,14.47,12.2,33.27,-118.4,NAN,0,0.085,0.076,0.091,0.093,0.096,0.059,14.15,0,1016,-1.699,14.2
2016-11-20 05:00:00,12389,6.666,135.9,14.91,12.22,36.59,-117.6,NAN,0,0.084,0.076,0.091,0.093,0.095,0.059,13.99,0,1015,-1.668,14.22
2016-11-20 06:00:00,12390,7.495,132.3,11.4,12.75,42.32,-109.4,NAN,0,0.084,0.076,0.091,0.093,0.095,0.058,13.84,0,1015,-2.169,14.74
2016-11-20 07:00:00,12391,7.002,134.1,10.65,13.51,27.99,18.18,NAN,0,0.084,0.076,0.091,0.093,0.095,0.058,13.7,0,1015,-1.538,15.5
2016-11-20 08:00:00,12392,6.767,132.9,11.15,16.3,34.72,257,NAN,0,0.083,0.076,0.091,0.093,0.095,0.058,13.57,0,1015,-2.138,18.52
2016-11-20 09:00:00,12393,5.553,139.4,11.24,17.45,42.34,497.8,NAN,0,0.083,0.076,0.091,0.093,0.094,0.058,13.46,0,1015,2.147,19.93
2016-11-20 10:00:00,12394,5.352,169.6,17.76,18.77,46.85,706.3,NAN,0,0.082,0.075,0.09,0.092,0.094,0.057,13.41,0,1015,6.548,21.66
2016-11-20 11:00:00,12395,4.457,172.8,16.02,19.79,51.28,754.6,NAN,0,0.082,0.075,0.09,0.092,0.093,0.057,13.46,0,1016,7.855,23.12
2016-11-20 12:00:00,12396,4.727,175.3,17.62,18.1,46.4,434.7,NAN,0,0.081,0.075,0.09,0.092,0.093,0.057,13.65,0,1015,7.965,20.77
2016-11-20 13:00:00,12397,3.255,169.2,22.23,20.36,44.41,603.8,NAN,0,0.081,0.075,0.089,0.091,0.093,0.057,13.96,0,1015,8.4,23.93
2016-11-20 14:00:00,12398,3.281,166.5,24.35,21.56,47.76,661.8,NAN,0,0.08,0.074,0.089,0.091,0.092,0.056,14.27,0,1015,9.04,25.74
2016-11-20 15:00:00,12399,3.677,154.5,27.56,20.58,43.69,374.7,NAN,0,0.079,0.074,0.089,0.091,0.092,0.056,14.54,0,1015,8.69,24.22
2016-11-20 16:00:00,12400,4.217,152.2,15.54,19.53,54.4,209.3,NAN,0,0.079,0.074,0.089,0.09,0.091,0.056,14.82,0,1014,9.09,22.72
2016-11-20 17:00:00,12401,5.385,160.2,12.83,19.07,63.02,295.3,NAN,0,0.078,0.074,0.088,0.09,0.091,0.055,15.05,0,1013,10.37,22.07
2016-11-20 18:00:00,12402,5.825,176.2,15.26,16.4,65.48,57.06,NAN,0,0.078,0.073,0.088,0.09,0.091,0.055,15.2,0,1013,10.43,18.65
2016-11-20 19:00:00,12403,3.814,196.7,31.51,17.45,57.48,-25.16,NAN,0,0.078,0.073,0.088,0.09,0.09,0.055,15.29,0,1013,6.72,19.98
2016-11-20 20:00:00,12404,5.659,189.9,15.96,15.72,72.18,-33.25,NAN,0,0.077,0.073,0.088,0.09,0.09,0.054,15.3,0,1013,8.36,17.87
2016-11-20 21:00:00,12405,5.924,167.1,12.97,15.4,69.36,-34.11,NAN,0,0.077,0.073,0.088,0.09,0.09,0.054,15.26,0,1013,8.74,17.51
2016-11-20 22:00:00,12406,5.333,140.4,19.6,17.13,49.88,-45.21,NAN,0,0.077,0.073,0.088,0.089,0.09,0.054,15.18,0,1013,7.638,19.55
2016-11-20 23:00:00,12407,5.46,133.8,11.65,18.55,43.03,-48.46,NAN,0,0.077,0.073,0.088,0.089,0.09,0.054,15.07,0,1013,5.448,21.36
2016-11-21 00:00:00,12408,2.535,142.9,53.92,18.09,58.58,-34.81,NAN,0,0.076,0.073,0.088,0.089,0.09,0.054,14.95,0,1014,6.229,20.76
2016-11-21 01:00:00,12409,2.071,142,78.12,15.56,60.33,-46.73,NAN,0,0.076,0.073,0.088,0.089,0.09,0.054,14.83,0,1014,7.946,17.67
2016-11-21 02:00:00,12410,1.164,139.2,66.4,14.35,78.94,-77.04,NAN,0,0.076,0.073,0.088,0.089,0.09,0.054,14.73,0,1013,8.1,16.37
2016-11-21 03:00:00,12411,0.542,157.1,60.74,12.41,75.32,-72.35,NAN,0,0.076,0.073,0.088,0.089,0.09,0.053,14.63,0,1013,8.68,14.4
2016-11-21 04:00:00,12412,1.487,243.7,50.19,11.34,95.5,-77.59,NAN,0,0.076,0.073,0.088,0.089,0.09,0.053,14.51,0,1013,9.32,13.45
2016-11-21 05:00:00,12413,5.255,183.3,17.8,9.92,100,-51.04,NAN,0,0.076,0.073,0.088,0.089,0.09,0.053,14.38,1.778,1013,9.9,12.21
2016-11-21 06:00:00,12414,6.675,165.2,17.38,9.67,100,-44.3,NAN,0,0.076,0.073,0.088,0.089,0.09,0.053,14.25,2.794,1013,9.67,12
2016-11-21 07:00:00,12415,5.311,152.2,15.26,9.88,100,34.11,NAN,0,0.076,0.073,0.088,0.089,0.09,0.053,14.12,0.508,1014,9.88,12.17
2016-11-21 08:00:00,12416,4.018,140.3,20.5,11.46,94.4,226.1,NAN,0,0.075,0.073,0.088,0.089,0.089,0.053,14,0,1014,11,13.54
2016-11-21 09:00:00,12417,5.599,163.1,15.35,12.41,91.3,467.6,NAN,0,0.075,0.073,0.087,0.089,0.089,0.053,13.9,0,1015,11.42,14.4
2016-11-21 10:00:00,12418,5.811,159.5,14.33,12.74,90.8,614.6,NAN,0,0.075,0.073,0.087,0.089,0.089,0.053,13.85,0,1015,11.81,14.73
2016-11-21 11:00:00,12419,4.459,149.4,29.21,14.75,76.62,859,NAN,0,0.075,0.073,0.087,0.088,0.089,0.053,13.86,0,1016,12.23,16.8
2016-11-21 12:00:00,12420,2.868,164.1,36.02,15.86,81.5,850,NAN,0,0.074,0.072,0.087,0.088,0.088,0.053,13.98,0,1016,12.73,18.02
2016-11-21 13:00:00,12421,1.271,204.1,78.91,16.88,71.73,675.6,NAN,0,0.073,0.072,0.086,0.088,0.088,0.053,14.23,0,1016,12.77,19.24
2016-11-21 14:00:00,12422,1.626,98.2,77.85,18.14,74.94,875,NAN,0,0.073,0.072,0.086,0.087,0.087,0.052,14.55,0,1016,13.52,20.85
2016-11-21 15:00:00,12423,2.112,334.9,66.64,19.36,68.83,904,NAN,0,0.072,0.071,0.086,0.087,0.087,0.052,14.88,0,1016,13.86,22.48
2016-11-21 16:00:00,12424,2.567,189.2,79.87,17.66,85,365.6,NAN,0,0.072,0.071,0.086,0.087,0.086,0.052,15.19,0,1016,13.78,20.23
2016-11-21 17:00:00,12425,4.572,161.6,19.39,15.9,87.3,362.3,NAN,0,0.071,0.071,0.085,0.086,0.086,0.052,15.48,0,1017,13.54,18.07
2016-11-21 18:00:00,12426,4.46,150.9,14.03,14.69,92.8,214.6,NAN,0,0.071,0.071,0.085,0.086,0.086,0.051,15.72,0,1017,13.09,16.71
2016-11-21 19:00:00,12427,4.439,144.7,15.92,13.14,96.2,117.1,NAN,0,0.071,0.071,0.085,0.086,0.085,0.051,15.85,0,1017,12.37,15.11
2016-11-21 20:00:00,12428,5.803,153.2,14.23,11.45,100,-52.11,NAN,0,0.07,0.071,0.085,0.086,0.085,0.051,15.9,0,1018,11.23,13.53
2016-11-21 21:00:00,12429,7.156,158.6,12.59,10.23,100,-78.7,NAN,0,0.07,0.071,0.085,0.086,0.085,0.051,15.89,0,1018,10.23,12.46
2016-11-21 22:00:00,12430,7.173,162.7,12.08,10.25,100,-65.77,NAN,0,0.07,0.071,0.085,0.086,0.085,0.05,15.81,0.254,1019,10.25,12.48
2016-11-21 23:00:00,12431,5.589,157.8,13.85,10.93,100,-90.8,NAN,0,0.07,0.071,0.085,0.086,0.085,0.05,15.67,0,1019,10.84,13.05
2016-11-22 00:00:00,12432,6.12,163.5,13.66,10.43,99.9,-83.5,NAN,0,0.07,0.071,0.085,0.086,0.085,0.05,15.51,0,1019,10.42,12.63
2016-11-22 01:00:00,12433,6.028,162,15.3,10.68,100,-95.6,NAN,0,0.07,0.071,0.085,0.086,0.085,0.05,15.33,0,1019,10.66,12.84
2016-11-22 02:00:00,12434,4.756,155,18.8,10.36,97.2,-98.9,NAN,0,0.07,0.071,0.085,0.086,0.085,0.05,15.15,0,1018,10.25,12.57
2016-11-22 03:00:00,12435,3.999,151.2,21.26,10.46,92.6,-121.3,NAN,0,0.07,0.071,0.085,0.086,0.085,0.05,14.98,0,1018,9.97,12.66
2016-11-22 04:00:00,12436,3.836,140,17.74,11.04,82.6,-93.1,NAN,0,0.07,0.071,0.085,0.086,0.085,0.05,14.81,0,1018,9.2,13.15
2016-11-22 05:00:00,12437,3.704,129.4,15.18,11.57,86.5,-97.5,NAN,0,0.07,0.071,0.085,0.086,0.085,0.05,14.66,0,1018,8.88,13.63
2016-11-22 06:00:00,12438,4.352,126.4,10.45,12.54,66.5,-93.8,NAN,0,0.069,0.071,0.085,0.086,0.085,0.05,14.5,0,1018,7.883,14.54
2016-11-22 07:00:00,12439,3.904,129,10.12,15.32,51.51,33.35,NAN,0,0.069,0.071,0.085,0.086,0.085,0.05,14.36,0,1018,7.036,17.42
2016-11-22 08:00:00,12440,1.766,128.8,59.43,17.98,45.65,275.2,NAN,0,0.069,0.071,0.085,0.086,0.085,0.049,14.22,0,1019,6.353,20.62
2016-11-22 09:00:00,12441,1.743,106.7,74.81,17.27,65.63,468.8,NAN,0,0.068,0.07,0.085,0.085,0.084,0.049,14.1,0,1020,8.87,19.7
2016-11-22 10:00:00,12442,1.465,35.39,92.8,17.72,66.54,684.9,NAN,0,0.068,0.07,0.084,0.085,0.084,0.049,14.04,0,1020,10.19,20.29
2016-11-22 11:00:00,12443,1.764,333.9,20.97,17.11,67.95,807,NAN,0,0.067,0.07,0.084,0.085,0.083,0.049,14.07,0,1020,11.07,19.5
2016-11-22 12:00:00,12444,2.329,334.8,21.1,18.21,64.99,921,NAN,0,0.067,0.07,0.084,0.084,0.083,0.049,14.22,0,1020,12.32,20.91
2016-11-22 13:00:00,12445,2.796,334.4,19.28,19.04,58.86,833,NAN,0,0.066,0.069,0.083,0.084,0.082,0.049,14.48,0,1020,11.65,22.02
2016-11-22 14:00:00,12446,2.197,348,27.6,20.54,54.28,698,NAN,0,0.066,0.069,0.083,0.083,0.082,0.049,14.82,0,1020,10.94,24.17
2016-11-22 15:00:00,12447,2.004,340.5,24.66,18.77,61.94,180.7,NAN,0,0.066,0.069,0.083,0.083,0.081,0.049,15.17,0,1020,10.99,21.66
2016-11-22 16:00:00,12448,1.987,133.9,59.56,19.47,44.66,245.1,NAN,0,0.065,0.068,0.083,0.083,0.081,0.048,15.49,0,1019,8.25,22.62
2016-11-22 17:00:00,12449,1.394,126,56.81,18.54,58.29,49.86,NAN,0,0.065,0.068,0.082,0.083,0.081,0.048,15.71,0,1019,8.96,21.35
2016-11-22 18:00:00,12450,0.994,116.7,84.7,17.12,67.46,-54.45,NAN,0,0.065,0.068,0.082,0.082,0.08,0.048,15.84,0,1019,11.02,19.53
2016-11-22 19:00:00,12451,3.055,153.2,16.4,15.81,65.11,-29.55,NAN,0,0.064,0.068,0.082,0.082,0.08,0.048,15.9,0,1019,9.44,17.95
2016-11-22 20:00:00,12452,1.012,148.5,29.54,15.6,78.97,-108.3,NAN,0.254,0.064,0.068,0.082,0.082,0.08,0.047,15.89,0,1019,9.91,17.72
2016-11-22 21:00:00,12453,1.6,161.8,22.63,15.26,77.93,-50.85,NAN,0,0.064,0.068,0.082,0.082,0.08,0.047,15.83,0,1019,11.89,17.34
2016-11-22 22:00:00,12454,2.886,147.8,23.39,15.41,89.6,-51.98,NAN,0,0.064,0.068,0.082,0.082,0.08,0.047,15.73,0,1018,12.48,17.51
2016-11-22 23:00:00,12455,2.932,144.1,16.85,15.44,82.7,-58.67,NAN,0,0.064,0.068,0.082,0.082,0.08,0.047,15.61,0,1018,12.64,17.54
2016-11-23 00:00:00,12456,4.929,137.7,10.46,15.48,77.24,-30.98,NAN,0,0.064,0.068,0.082,0.082,0.08,0.047,15.48,0.254,1018,11.77,17.58
2016-11-23 01:00:00,12457,4.666,139.3,6.976,15.18,75.82,-39.69,NAN,0,0.064,0.068,0.082,0.082,0.08,0.047,15.36,0,1017,11.18,17.24
2016-11-23 02:00:00,12458,2.807,117.1,96.2,17.39,64.66,-136.1,NAN,0.254,0.064,0.068,0.082,0.082,0.08,0.047,15.23,0,1016,11.23,19.89
2016-11-23 03:00:00,12459,1.542,252.2,99.4,17.08,79.93,-54.83,NAN,0,0.064,0.068,0.082,0.082,0.08,0.047,15.11,0,1016,11.01,19.49
2016-11-23 04:00:00,12460,1.997,305.3,69.27,14.23,96,-86.8,NAN,0,0.064,0.068,0.082,0.082,0.08,0.047,14.99,0,1016,11.7,16.23
2016-11-23 05:00:00,12461,1.822,297.1,87.9,13.46,87.7,-73.44,NAN,0.762,0.063,0.068,0.082,0.082,0.08,0.047,14.89,0.254,1016,12.01,15.42
2016-11-23 06:00:00,12462,2.015,336.1,70.59,13.47,92.3,-59.41,NAN,1.524,0.063,0.068,0.082,0.082,0.08,0.047,14.8,0.508,1016,12.08,15.43
2016-11-23 07:00:00,12463,1.826,156.7,63.96,14.03,84.3,-9.48,NAN,0.254,0.063,0.068,0.082,0.082,0.08,0.047,14.71,0.254,1016,12.01,16
2016-11-23 08:00:00,12464,2.6,150.2,47.66,14.45,94.7,75.37,NAN,0,0.063,0.068,0.082,0.082,0.08,0.047,14.63,0,1016,12.23,16.45
2016-11-23 09:00:00,12465,1.42,331.1,69.02,15.33,100,359.7,NAN,0,0.063,0.068,0.082,0.082,0.08,0.047,14.55,0,1016,13.63,17.43
2016-11-23 10:00:00,12466,2.445,335.4,40.2,12.79,100,130.1,NAN,0,0.063,0.068,0.082,0.082,0.08,0.047,14.49,1.016,1016,12.78,14.77
2016-11-23 11:00:00,12467,4.271,347.8,27.77,12.02,100,31.35,NAN,1.27,0.064,0.068,0.082,0.082,0.08,0.047,14.5,11.68,1016,12.02,14.03
2016-11-23 12:00:00,12468,2.796,345.9,26.2,11.46,100,21.56,NAN,0,0.064,0.069,0.082,0.082,0.08,0.047,14.54,4.572,1016,11.46,13.52
2016-11-23 13:00:00,12469,4.289,359.1,27.62,12.02,100,20.08,NAN,0.254,0.064,0.069,0.082,0.082,0.08,0.047,14.55,7.366,1015,12.02,14.03
2016-11-23 14:00:00,12470,6.017,0.069,28.37,12.3,100,30.76,NAN,0.508,0.064,0.069,0.082,0.082,0.08,0.047,14.53,7.366,1015,12.3,14.29
2016-11-23 15:00:00,12471,8.71,347.3,29.3,11.53,100,25.89,NAN,0.254,0.064,0.069,0.082,0.082,0.08,0.047,14.48,13.46,1015,11.53,13.6
2016-11-23 16:00:00,12472,7.867,340.8,23.62,10.41,100,20.97,NAN,0,0.064,0.069,0.082,0.082,0.08,0.047,14.43,5.08,1014,10.41,12.61
2016-11-23 17:00:00,12473,8.07,331.9,18.71,9.44,100,10.72,NAN,0.254,0.064,0.069,0.082,0.083,0.08,0.047,14.37,14.73,1015,9.44,11.82
2016-11-23 18:00:00,12474,7.975,335.4,16.26,9.65,100,6.524,NAN,0,0.063,0.069,0.082,0.083,0.08,0.047,14.3,20.83,1015,9.65,11.99
2016-11-23 19:00:00,12475,8.29,335.3,20.14,9.65,100,-1.233,NAN,0.508,0.063,0.069,0.082,0.083,0.08,0.047,14.21,28.45,1015,9.65,11.99
2016-11-23 20:00:00,12476,7.911,337.6,19.02,9.68,100,-1.594,NAN,1.016,0.063,0.069,0.082,0.083,0.08,0.047,14.12,34.29,1016,9.68,12.01
2016-11-23 21:00:00,12477,7.545,335.7,21.4,9.96,100,-1.406,NAN,4.318,0.063,0.069,0.082,0.083,0.08,0.047,14.03,50.55,1017,9.96,12.24
2016-11-23 22:00:00,12478,6.872,336.2,32.32,10.11,100,-1.172,NAN,3.81,0.064,0.069,0.083,0.083,0.08,0.05,13.94,38.86,1017,10.11,12.37
2016-11-23 23:00:00,12479,3.997,318.8,53.22,9.91,100,-1.678,NAN,0.508,0.065,0.069,0.083,0.083,0.08,0.058,13.83,4.826,1018,9.91,12.2
2016-11-24 00:00:00,12480,4.161,323.5,30.4,9.89,100,-1.705,NAN,0,0.069,0.069,0.083,0.083,0.08,0.062,13.73,5.842,1019,9.89,12.18
2016-11-24 01:00:00,12481,3.569,337.3,21.55,9.92,100,-1.778,NAN,0,0.074,0.069,0.083,0.083,0.08,0.064,13.64,6.858,1019,9.92,12.2
2016-11-24 02:00:00,12482,2.29,341.6,29.07,9.86,100,-2.214,NAN,0.254,0.078,0.069,0.083,0.083,0.08,0.066,13.56,4.064,1019,9.86,12.16
2016-11-24 03:00:00,12483,1.83,331.3,39.99,9.79,100,-2.453,NAN,0,0.082,0.069,0.083,0.083,0.08,0.067,13.49,3.302,1018,9.79,12.1
2016-11-24 04:00:00,12484,1.967,321.6,25.27,9.68,100,-2.692,NAN,0.254,0.084,0.069,0.083,0.083,0.08,0.068,13.43,3.302,1019,9.68,12.02
2016-11-24 05:00:00,12485,1.822,322.7,26.44,9.37,100,-7.244,NAN,0,0.086,0.07,0.083,0.083,0.08,0.069,13.38,0.762,1019,9.37,11.76
2016-11-24 06:00:00,12486,0.948,321.6,20.73,9.35,100,-6.003,NAN,0,0.088,0.07,0.083,0.083,0.08,0.069,13.33,0.254,1019,9.35,11.75
2016-11-24 07:00:00,12487,1.057,332.7,25.24,9.4,100,59.24,NAN,0,0.089,0.07,0.083,0.083,0.08,0.07,13.28,0.254,1020,9.4,11.79
2016-11-24 08:00:00,12488,1.085,334.2,18.57,9.93,100,323.4,NAN,0,0.091,0.07,0.083,0.083,0.08,0.071,13.24,0,1020,9.93,12.22
2016-11-24 09:00:00,12489,1.651,351.6,75.36,10.4,100,369.9,NAN,0,0.092,0.07,0.084,0.084,0.08,0.071,13.2,0.254,1021,10.4,12.61
2016-11-24 10:00:00,12490,2.067,325.6,21.97,11.27,100,569.7,NAN,0,0.093,0.07,0.084,0.084,0.08,0.072,13.23,0,1021,11.27,13.36
2016-11-24 11:00:00,12491,1.679,332.9,23.97,11.93,100,436.6,NAN,0,0.094,0.07,0.084,0.084,0.08,0.072,13.33,0,1021,11.93,13.95
2016-11-24 12:00:00,12492,1.403,359.7,60.26,13.6,94.5,584.3,NAN,0,0.094,0.07,0.084,0.084,0.08,0.073,13.52,0,1021,12.57,15.59
2016-11-24 13:00:00,12493,2.276,332.4,20.83,14.67,94.3,809,NAN,0,0.095,0.07,0.085,0.084,0.08,0.073,13.74,0,1021,13.22,16.69
2016-11-24 14:00:00,12494,1.581,327,31.25,14.71,94.2,486.1,NAN,0,0.095,0.07,0.085,0.084,0.08,0.073,14,0,1021,13.59,16.74
2016-11-24 15:00:00,12495,1.863,334.5,53.48,15.33,88.9,579.8,NAN,0,0.096,0.07,0.085,0.084,0.08,0.073,14.32,0,1021,13.86,17.43
2016-11-24 16:00:00,12496,3.032,335.2,21.55,16.86,82,907,NAN,0,0.096,0.07,0.086,0.084,0.08,0.073,14.6,0,1020,14.43,19.2
2016-11-24 17:00:00,12497,2.259,320.2,80.6,15.7,85.2,493.1,NAN,0,0.096,0.069,0.086,0.085,0.08,0.073,14.85,0,1020,13.46,17.85
2016-11-24 18:00:00,12498,1.098,122.7,78.51,15.32,87,186.7,NAN,0,0.096,0.069,0.086,0.085,0.08,0.073,15.07,0,1020,12.98,17.42
2016-11-24 19:00:00,12499,1.389,266.9,66.48,14.28,90.2,54.93,NAN,0,0.096,0.069,0.086,0.085,0.08,0.073,15.25,0,1020,12.32,16.31
2016-11-24 20:00:00,12500,2.278,190.4,39.94,12.74,89.9,-84.3,NAN,0,0.096,0.069,0.087,0.085,0.08,0.073,15.34,0,1021,10.53,14.73
2016-11-24 21:00:00,12501,3.08,177.9,12.4,12.15,68.23,-106,NAN,0,0.096,0.069,0.087,0.085,0.08,0.072,15.34,0,1021,8.47,14.16
2016-11-24 22:00:00,12502,3.706,175.7,13.29,11.18,84.3,-103.3,NAN,0,0.096,0.07,0.088,0.085,0.08,0.072,15.26,0,1021,7.011,13.28
2016-11-24 23:00:00,12503,4.803,177.8,15.13,10.6,91.1,-101.7,NAN,0,0.096,0.07,0.088,0.085,0.08,0.072,15.1,0,1021,7.45,12.78
2016-11-25 00:00:00,12504,4.708,176.4,12.71,10.69,64.7,-98,NAN,0,0.096,0.07,0.088,0.085,0.08,0.072,14.91,0,1020,6.908,12.85
2016-11-25 01:00:00,12505,3.406,180.4,8.66,11.47,51.35,-97.3,NAN,0,0.096,0.07,0.088,0.086,0.08,0.072,14.71,0,1020,3.791,13.53
2016-11-25 02:00:00,12506,2.773,157.2,25.3,10.92,55.99,-91.4,NAN,0,0.096,0.07,0.089,0.086,0.08,0.072,14.49,0,1020,1.444,13.06
2016-11-25 03:00:00,12507,2.823,125.4,14.8,12.31,28.43,-92.2,NAN,0,0.096,0.07,0.089,0.086,0.08,0.072,14.28,0,1019,-0.66,14.38
2016-11-25 04:00:00,12508,3.785,137.6,15.57,11.38,46.2,-83.9,NAN,0,0.096,0.07,0.089,0.086,0.079,0.072,14.08,0,1019,-0.918,13.47
2016-11-25 05:00:00,12509,3.136,129.6,12.25,11.14,45.11,-84.5,NAN,0,0.096,0.07,0.089,0.086,0.079,0.072,13.88,0,1019,-0.857,13.25
2016-11-25 06:00:00,12510,3.695,143.1,20.78,10.48,40.55,-65.15,NAN,0,0.096,0.07,0.089,0.086,0.079,0.072,13.7,0,1019,0.321,12.67
2016-11-25 07:00:00,12511,3.639,152.7,17.43,12.66,42.36,60.91,NAN,0,0.096,0.07,0.09,0.086,0.079,0.071,13.52,0,1019,-0.55,14.65
2016-11-25 08:00:00,12512,3.702,146.6,17.23,14.46,44.99,274.3,NAN,0,0.096,0.07,0.09,0.086,0.079,0.071,13.36,0,1019,0.307,16.47
2016-11-25 09:00:00,12513,3.37,139.7,17.46,15.54,44.42,499.9,NAN,0,0.095,0.069,0.09,0.086,0.079,0.071,13.23,0,1020,3.612,17.65
2016-11-25 10:00:00,12514,2.17,136.4,32.09,17.05,44.54,684.9,NAN,0,0.095,0.069,0.09,0.086,0.079,0.071,13.19,0,1020,4.715,19.45
2016-11-25 11:00:00,12515,1.879,130,46.58,17.62,51.03,909,NAN,0,0.094,0.069,0.089,0.086,0.079,0.071,13.28,0,1020,6.911,20.14
2016-11-25 12:00:00,12516,2.072,137.8,49.34,17.82,53.05,1013,NAN,0,0.094,0.069,0.089,0.085,0.078,0.071,13.53,0,1020,9.12,20.4
2016-11-25 13:00:00,12517,2.746,170,46.45,18.24,56.74,1037,NAN,0,0.094,0.069,0.089,0.085,0.078,0.071,13.94,0,1020,10.01,20.95
2016-11-25 14:00:00,12518,2.67,157.9,31.6,18.72,53.95,1000,NAN,0,0.093,0.069,0.089,0.085,0.078,0.071,14.46,0,1019,9.69,21.59
2016-11-25 15:00:00,12519,3.664,142.6,18.76,19.27,58.17,897,NAN,0,0.093,0.069,0.089,0.085,0.078,0.071,15.03,0,1019,10.07,22.33
2016-11-25 16:00:00,12520,3.223,138.5,23.35,19.08,60.8,747.7,NAN,0,0.093,0.068,0.089,0.085,0.078,0.071,15.55,0,1019,11.27,22.07
2016-11-25 17:00:00,12521,3.094,141.5,21.1,18.95,56.36,529,NAN,0,0.092,0.068,0.089,0.085,0.077,0.071,15.98,0,1018,10.96,21.9
2016-11-25 18:00:00,12522,3.447,133.8,15.63,18.15,67.5,283,NAN,0,0.092,0.068,0.088,0.084,0.077,0.07,16.26,0,1018,10.92,20.83
2016-11-25 19:00:00,12523,4.315,132.5,18.73,16.34,75.91,54.87,NAN,0,0.091,0.068,0.088,0.084,0.077,0.07,16.41,0,1018,11.43,18.58
2016-11-25 20:00:00,12524,5.67,136.6,15.56,14.26,82.3,-84.6,NAN,0,0.091,0.068,0.088,0.084,0.077,0.07,16.43,0,1018,11.17,16.26
2016-11-25 21:00:00,12525,3.816,133.6,16.38,13.02,89.4,-101.3,NAN,0,0.091,0.068,0.088,0.085,0.077,0.069,16.36,0,1019,10.74,14.99
2016-11-25 22:00:00,12526,4.417,158,18.4,11.63,92.6,-99.6,NAN,0,0.091,0.068,0.089,0.085,0.077,0.069,16.22,0,1019,10.44,13.68
2016-11-25 23:00:00,12527,3.836,137.6,15.06,11.45,89.1,-101.4,NAN,0,0.091,0.068,0.089,0.085,0.077,0.069,16.03,0,1019,10.07,13.53
2016-11-26 00:00:00,12528,3.9,129.1,18.11,11.97,83.2,-104.4,NAN,0,0.09,0.068,0.089,0.085,0.077,0.069,15.82,0,1019,9.64,13.99
2016-11-26 01:00:00,12529,3.849,131.1,19.05,11.76,84.2,-98.1,NAN,0,0.09,0.068,0.089,0.085,0.077,0.069,15.6,0,1018,8.57,13.8
2016-11-26 02:00:00,12530,3.985,125.1,24.67,12.06,73.91,-93.7,NAN,0,0.09,0.068,0.089,0.085,0.077,0.069,15.38,0,1018,8.54,14.07
2016-11-26 03:00:00,12531,4.675,127.9,24.33,12.36,76.13,-108.1,NAN,0,0.09,0.068,0.089,0.085,0.077,0.069,15.17,0,1017,7.896,14.35
2016-11-26 04:00:00,12532,5.669,130.3,14.5,12.37,69.72,-108.2,NAN,0,0.09,0.068,0.089,0.085,0.077,0.069,14.98,0,1017,7.629,14.36
2016-11-26 05:00:00,12533,6.859,128.9,13.69,12.62,68.98,-107.5,NAN,0,0.09,0.068,0.089,0.085,0.077,0.068,14.79,0,1016,7.242,14.6
2016-11-26 06:00:00,12534,6.911,125.5,12.46,13.05,63.73,-93.2,NAN,0,0.089,0.068,0.089,0.085,0.077,0.068,14.62,0,1017,6.996,15.02
2016-11-26 07:00:00,12535,5.804,129.7,12.14,14.34,60.75,31.05,NAN,0,0.089,0.068,0.089,0.085,0.077,0.068,14.45,0,1017,7.23,16.33
2016-11-26 08:00:00,12536,7.143,136.1,10.4,15.79,55.14,258.9,NAN,0,0.089,0.068,0.089,0.085,0.077,0.068,14.31,0,1017,7.399,17.93
2016-11-26 09:00:00,12537,5.811,133.4,12.74,17.45,51.94,506.5,NAN,0,0.088,0.068,0.088,0.085,0.077,0.068,14.19,0,1018,7.806,19.93
2016-11-26 10:00:00,12538,4.769,136.5,12.93,18.27,52.83,724.4,NAN,0,0.088,0.068,0.088,0.084,0.077,0.068,14.14,0,1018,8.53,20.98
2016-11-26 11:00:00,12539,3.493,131.5,21.05,18.86,55.68,874,NAN,0,0.087,0.068,0.088,0.084,0.076,0.067,14.22,0,1018,9.59,21.78
2016-11-26 12:00:00,12540,3.089,138.3,27.61,19.69,51.83,1000,NAN,0,0.087,0.068,0.088,0.084,0.076,0.067,14.46,0,1018,10.14,22.93
2016-11-26 13:00:00,12541,3.159,146.3,25.54,20.64,51.02,1024,NAN,0,0.086,0.067,0.087,0.084,0.076,0.067,14.86,0,1018,10.28,24.32
2016-11-26 14:00:00,12542,3.526,134.6,22.21,21.49,47.66,991,NAN,0,0.086,0.067,0.087,0.083,0.075,0.067,15.38,0,1018,10.16,25.63
2016-11-26 15:00:00,12543,2.474,133,63.46,22.76,45.66,910,NAN,0,0.085,0.067,0.087,0.083,0.075,0.067,15.94,0,1017,10.59,27.69
2016-11-26 16:00:00,12544,5.352,141.5,14.51,22.13,46.84,714.6,NAN,0,0.085,0.067,0.087,0.083,0.075,0.067,16.44,0,1017,9.59,26.64
2016-11-26 17:00:00,12545,6.596,140,12.17,21.28,57.68,511.4,NAN,0,0.084,0.067,0.086,0.083,0.075,0.066,16.84,0,1016,11.09,25.3
2016-11-26 18:00:00,12546,7.91,139.8,13.61,19.73,60.17,275,NAN,0,0.083,0.067,0.086,0.083,0.075,0.066,17.12,0,1016,11.33,23
2016-11-26 19:00:00,12547,7.7,149.2,14.36,17.67,67.52,49.85,NAN,0,0.083,0.067,0.086,0.082,0.074,0.065,17.25,0,1016,10.72,20.22
2016-11-26 20:00:00,12548,5.618,158.7,11.97,15.15,77.97,-79.85,NAN,0,0.083,0.067,0.086,0.082,0.074,0.065,17.25,0,1017,10.66,17.21
2016-11-26 21:00:00,12549,5.09,147.1,17.94,15.35,63.67,-94.9,NAN,0,0.082,0.067,0.086,0.082,0.074,0.065,17.15,0,1017,10.33,17.45
2016-11-26 22:00:00,12550,5.29,131.8,12.58,16.25,67.7,-103.2,NAN,0,0.082,0.067,0.086,0.082,0.074,0.065,16.99,0,1017,10,18.47
2016-11-26 23:00:00,12551,3.955,129.2,10.99,15.71,63.53,-106.8,NAN,0,0.082,0.067,0.086,0.082,0.074,0.064,16.79,0,1017,9.45,17.84
2016-11-27 00:00:00,12552,4.462,128.6,9.15,16.17,53.79,-106.4,NAN,0,0.082,0.067,0.086,0.082,0.074,0.064,16.58,0,1017,8.35,18.37
2016-11-27 01:00:00,12553,4.87,128,10.73,16.91,49.83,-106.9,NAN,0,0.082,0.067,0.086,0.083,0.074,0.064,16.37,0,1017,6.339,19.26
2016-11-27 02:00:00,12554,4.474,131.5,8.44,17.13,55.45,-106.4,NAN,0,0.081,0.066,0.086,0.082,0.074,0.064,16.16,0,1016,6.574,19.53
2016-11-27 03:00:00,12555,3.145,146.3,23.61,15.85,54.13,-96.8,NAN,0,0.081,0.066,0.086,0.082,0.074,0.064,15.96,0,1016,7.444,18
2016-11-27 04:00:00,12556,2.351,132.8,6.226,16.12,49.45,-86.5,NAN,0,0.081,0.066,0.086,0.082,0.074,0.064,15.78,0,1015,6.32,18.32
2016-11-27 05:00:00,12557,1.388,128.2,7.591,16.23,53.6,-77.65,NAN,0,0.081,0.066,0.086,0.082,0.074,0.064,15.6,0,1015,5.462,18.45
2016-11-27 06:00:00,12558,0.184,125.8,3.822,15.85,45.82,-64.77,NAN,0,0.081,0.067,0.086,0.082,0.074,0.063,15.42,0,1015,5.186,18
2016-11-27 07:00:00,12559,0.053,293.4,7.279,20.79,36.88,47.78,NAN,0,0.08,0.067,0.085,0.082,0.074,0.063,15.26,0,1015,5.535,24.65
2016-11-27 08:00:00,12560,0.418,122.7,41.79,23.26,31.35,277.9,NAN,0,0.08,0.067,0.085,0.082,0.074,0.063,15.08,0,1015,5.371,28.55
2016-11-27 09:00:00,12561,1.046,330.3,19.19,22.66,36.52,542.2,NAN,0,0.079,0.066,0.085,0.082,0.074,0.063,14.92,0,1016,5.657,27.52
2016-11-27 10:00:00,12562,1.161,358.3,84.4,23.27,38.1,761.2,NAN,0,0.079,0.066,0.085,0.082,0.073,0.063,14.86,0,1016,7.136,28.56
2016-11-27 11:00:00,12563,2.207,336.9,16.03,22.85,40.45,956,NAN,0,0.078,0.066,0.085,0.082,0.073,0.062,14.94,0,1016,8.7,27.84
2016-11-27 12:00:00,12564,3.825,340.2,18.63,23.58,41.25,1059,NAN,0,0.078,0.065,0.084,0.081,0.072,0.062,15.19,0,1016,10.02,29.1
2016-11-27 13:00:00,12565,4.932,345.5,21.64,24.18,38.78,1077,NAN,0,0.077,0.065,0.084,0.081,0.072,0.062,15.6,0,1016,9.84,30.15
2016-11-27 14:00:00,12566,5.327,338.6,19.09,24.51,45.28,1039,NAN,0,0.077,0.065,0.084,0.081,0.072,0.062,16.09,0,1015,10.55,30.77
2016-11-27 15:00:00,12567,5.708,336.5,20.66,23.92,46.03,944,NAN,0,0.076,0.065,0.083,0.08,0.071,0.061,16.59,0,1015,11.54,29.69
2016-11-27 16:00:00,12568,5.66,333.4,18.01,23.65,48.74,779.4,NAN,0,0.075,0.064,0.083,0.08,0.071,0.061,17.03,0,1015,11.32,29.21
2016-11-27 17:00:00,12569,6.15,334.6,17.55,22.61,42.96,562.1,NAN,0,0.075,0.064,0.083,0.08,0.071,0.06,17.39,0,1015,10.83,27.43
2016-11-27 18:00:00,12570,5.505,335,17.38,21.84,28.67,303.4,NAN,0,0.074,0.064,0.083,0.08,0.07,0.06,17.63,0,1015,7.331,26.18
2016-11-27 19:00:00,12571,4.651,333.3,18.09,20.41,46.44,52.97,NAN,0,0.074,0.064,0.082,0.08,0.07,0.059,17.74,0,1015,5.243,24.01
2016-11-27 20:00:00,12572,2.764,319.5,16.51,16.51,44.99,-106.3,NAN,0,0.073,0.064,0.082,0.079,0.07,0.059,17.74,0,1016,8.36,18.79
2016-11-27 21:00:00,12573,3.107,320.7,14.38,14.81,74.03,-127.3,NAN,0,0.073,0.064,0.082,0.079,0.07,0.059,17.65,0,1016,5.437,16.86
2016-11-27 22:00:00,12574,3.042,310.5,18.63,11.99,80.5,-124.1,NAN,0,0.073,0.064,0.082,0.079,0.07,0.058,17.5,0,1017,9.19,14
2016-11-27 23:00:00,12575,1.199,299.4,23.09,11.86,88.6,-111.4,NAN,0,0.073,0.064,0.082,0.079,0.07,0.058,17.3,0,1017,8.31,13.89
2016-11-28 00:00:00,12576,1.417,293.8,29.87,11.58,65.6,-113.7,NAN,0,0.072,0.064,0.082,0.079,0.07,0.058,17.07,0,1018,9.2,13.65
2016-11-28 01:00:00,12577,0.305,301.3,16.24,11.39,69.15,-99.2,NAN,0,0.072,0.064,0.082,0.079,0.07,0.058,16.84,0,1017,7.931,13.47
2016-11-28 02:00:00,12578,0.914,298.7,37.81,11.64,47.91,-102,NAN,0,0.072,0.064,0.082,0.079,0.07,0.058,16.59,0,1017,3.85,13.69
2016-11-28 03:00:00,12579,1.09,296.8,27.97,12.6,48.75,-93.8,NAN,0,0.072,0.064,0.082,0.079,0.07,0.058,16.35,0,1017,1.144,14.59
2016-11-28 04:00:00,12580,0.831,265.7,47.14,12.13,61.66,-89.8,NAN,0,0.072,0.064,0.082,0.079,0.07,0.057,16.11,0,1016,4.217,14.14
2016-11-28 05:00:00,12581,0.157,214.3,21.42,11.3,71.09,-75.36,NAN,0,0.072,0.064,0.082,0.079,0.07,0.057,15.87,0,1016,5.306,13.39
2016-11-28 06:00:00,12582,0.153,277.3,23.05,10.82,68.63,-70.98,NAN,0,0.071,0.064,0.082,0.079,0.07,0.057,15.65,0,1016,5.451,12.97
2016-11-28 07:00:00,12583,0.716,232.5,56.93,13.4,50.25,48.14,NAN,0,0.071,0.064,0.082,0.079,0.07,0.057,15.44,0,1017,5.852,15.41
2016-11-28 08:00:00,12584,2.941,154.7,21.55,13,89.7,230.9,NAN,0,0.071,0.064,0.082,0.079,0.07,0.057,15.23,0,1018,8.42,15.01
2016-11-28 09:00:00,12585,1.943,159.3,50.13,12.76,90.1,263.5,NAN,0,0.071,0.064,0.082,0.079,0.07,0.057,15.06,0,1018,11.08,14.74
2016-11-28 10:00:00,12586,1.393,313.5,92.8,14.07,89,478,NAN,0,0.071,0.064,0.082,0.079,0.069,0.057,14.97,0,1019,11.88,16.08
2016-11-28 11:00:00,12587,2.342,335.6,19.69,16.34,75.83,1004,NAN,0,0.071,0.064,0.082,0.079,0.069,0.057,14.95,0,1019,12.02,18.62
2016-11-28 12:00:00,12588,3.339,331.1,20.77,17.52,72.26,1223,NAN,0,0.07,0.063,0.081,0.079,0.069,0.057,15.02,0,1019,13.11,20.03
2016-11-28 13:00:00,12589,3.4,335.1,14.79,17.78,75.87,1245,NAN,0,0.07,0.063,0.081,0.078,0.068,0.056,15.26,0,1019,13.19,20.35
2016-11-28 14:00:00,12590,3.538,332.2,19.82,17.86,77.25,1088,NAN,0,0.069,0.063,0.081,0.078,0.068,0.056,15.66,0,1019,13.64,20.46
2016-11-28 15:00:00,12591,3.519,335.1,21.46,18.04,76.03,1090,NAN,0,0.069,0.062,0.081,0.078,0.068,0.056,16.14,0,1018,13.75,20.69
2016-11-28 16:00:00,12592,3.172,335,19.62,17.72,73.12,817,NAN,0,0.069,0.062,0.08,0.077,0.067,0.056,16.59,0,1018,13.28,20.27
2016-11-28 17:00:00,12593,2.424,325.1,41.04,17.66,73.44,552.4,NAN,0,0.068,0.062,0.08,0.077,0.067,0.055,16.97,0,1018,12.88,20.2
2016-11-28 18:00:00,12594,2.72,198.8,57.56,16.31,79.27,281.7,NAN,0,0.068,0.062,0.08,0.077,0.067,0.055,17.23,0,1018,11.91,18.56
2016-11-28 19:00:00,12595,4.068,176.4,13.92,13.42,85.9,58.48,NAN,0,0.067,0.062,0.08,0.077,0.066,0.054,17.38,0,1018,10.38,15.4
2016-11-28 20:00:00,12596,3.931,177.5,12.65,11.86,73.5,-82.9,NAN,0,0.067,0.062,0.08,0.077,0.067,0.054,17.42,0,1019,9.22,13.9
2016-11-28 21:00:00,12597,3.935,182.9,12.8,11.8,78.06,-124.4,NAN,0,0.067,0.062,0.08,0.077,0.066,0.054,17.37,0,1019,8.22,13.84
2016-11-28 22:00:00,12598,5.15,174.4,12.65,10.53,89.5,-131.3,NAN,0,0.067,0.062,0.08,0.077,0.066,0.053,17.23,0,1019,8.21,12.72
2016-11-28 23:00:00,12599,6.187,160.7,13.31,9.41,98.4,-119.6,NAN,0,0.066,0.062,0.08,0.077,0.066,0.053,17.04,0,1019,8.55,11.79
2016-11-29 00:00:00,12600,6.141,166.8,13.14,8.89,100,-117.6,NAN,0,0.066,0.062,0.08,0.077,0.066,0.053,16.82,0,1019,8.77,11.39
2016-11-29 01:00:00,12601,6.356,168.3,11.28,8.77,100,-107.1,NAN,0,0.066,0.062,0.08,0.077,0.066,0.053,16.59,0,1019,8.72,11.3
2016-11-29 02:00:00,12602,6.469,172.9,13.93,8.7,99,-111.4,NAN,0,0.066,0.062,0.08,0.077,0.066,0.053,16.36,0,1018,8.64,11.24
2016-11-29 03:00:00,12603,6.339,178.5,13.62,8.71,93.9,-131.4,NAN,0,0.066,0.062,0.08,0.077,0.066,0.053,16.13,0,1018,8.38,11.25
2016-11-29 04:00:00,12604,5.956,190.9,12.17,8.82,95.3,-152.4,NAN,0,0.066,0.062,0.08,0.077,0.066,0.053,15.91,0,1018,8.1,11.34
2016-11-29 05:00:00,12605,5.073,197.3,9.78,10.14,44.59,-112.4,NAN,0,0.066,0.062,0.08,0.077,0.066,0.053,15.71,0,1017,4.142,12.41
2016-11-29 06:00:00,12606,3.318,168.8,28.63,11.27,29.72,-98.8,NAN,0,0.065,0.062,0.08,0.077,0.066,0.052,15.52,0,1018,-2.645,13.37
2016-11-29 07:00:00,12607,2.822,155.4,24.23,14.16,33.29,33.18,NAN,0,0.065,0.062,0.079,0.077,0.066,0.052,15.34,0,1018,-3.05,16.19
2016-11-29 08:00:00,12608,2.966,176.2,15.79,17.48,34.07,281.6,NAN,0,0.065,0.062,0.079,0.077,0.066,0.052,15.15,0,1018,0.539,19.99
2016-11-29 09:00:00,12609,1.806,143.4,23.5,19.03,36.82,535.3,NAN,0,0.064,0.061,0.079,0.076,0.065,0.052,14.99,0,1018,0.285,22.01
2016-11-29 10:00:00,12610,2.132,116.5,29.76,18.28,40.54,759.8,NAN,0,0.064,0.061,0.079,0.076,0.065,0.052,14.89,0,1018,4.66,21.01
2016-11-29 11:00:00,12611,2.682,128.1,17.46,18.84,43.69,766.8,NAN,0,0.064,0.061,0.078,0.076,0.065,0.051,14.91,0,1018,6.017,21.75
2016-11-29 12:00:00,12612,2.298,132.1,24.33,19.38,41.42,800,NAN,0,0.063,0.06,0.078,0.075,0.064,0.051,15.08,0,1019,6.139,22.5
2016-11-29 13:00:00,12613,2.113,131.5,28.49,20.15,41.96,962,NAN,0,0.063,0.06,0.078,0.075,0.064,0.051,15.36,0,1018,7.434,23.59
2016-11-29 14:00:00,12614,2.37,137.7,29.74,20.42,50.64,878,NAN,0,0.062,0.06,0.077,0.074,0.063,0.051,15.69,0,1018,8.59,24
2016-11-29 15:00:00,12615,2.76,138.9,31.8,20.67,54.32,820,NAN,0,0.062,0.059,0.077,0.074,0.063,0.051,16.05,0,1018,10.39,24.36
2016-11-29 16:00:00,12616,2.58,146.2,28.18,20.32,55.08,682.5,NAN,0,0.062,0.059,0.077,0.074,0.062,0.05,16.4,0,1018,11.16,23.84
2016-11-29 17:00:00,12617,2.404,147.8,24.61,19.58,61.51,524.5,NAN,0,0.061,0.059,0.076,0.073,0.062,0.05,16.71,0,1018,11.16,22.77
2016-11-29 18:00:00,12618,2.533,138.1,17.92,18.31,66.55,295.6,NAN,0,0.061,0.059,0.076,0.073,0.062,0.05,16.96,0,1017,11,21.04
2016-11-29 19:00:00,12619,2.624,147.1,17.39,16.11,73.45,43.32,NAN,0,0.06,0.058,0.076,0.073,0.061,0.049,17.11,0,1017,10.58,18.31
2016-11-29 20:00:00,12620,4.003,156.4,22.04,13.53,83.9,-87,NAN,0,0.06,0.058,0.076,0.073,0.061,0.049,17.16,0,1018,9.8,15.51
2016-11-29 21:00:00,12621,3.669,206.1,17.7,13.13,66.37,-106.2,NAN,0,0.06,0.058,0.076,0.073,0.061,0.049,17.14,0,1018,7.816,15.11
2016-11-29 22:00:00,12622,3.71,208.4,14.5,12.34,70.88,-113.1,NAN,0,0.06,0.058,0.076,0.073,0.061,0.048,17.05,0,1018,7.415,14.34
2016-11-29 23:00:00,12623,2.122,213.2,24.49,13.21,50.31,-113.9,NAN,0,0.06,0.058,0.076,0.073,0.061,0.048,16.91,0,1019,4.161,15.18
2016-11-30 00:00:00,12624,4.185,201,13.98,10.98,84.7,-112.1,NAN,0,0.059,0.058,0.076,0.073,0.061,0.048,16.73,0,1018,5.62,13.12
2016-11-30 01:00:00,12625,6.511,189.5,14.11,8.81,96,-113,NAN,0,0.059,0.058,0.076,0.072,0.061,0.048,16.53,0,1018,7.843,11.33
2016-11-30 02:00:00,12626,6.769,185.3,12.78,8.82,94.8,-113,NAN,0,0.059,0.058,0.076,0.072,0.061,0.048,16.33,0,1018,8.3,11.34
2016-11-30 03:00:00,12627,6.882,177.7,12.94,9,92.1,-110.6,NAN,0,0.059,0.058,0.076,0.072,0.061,0.048,16.13,0,1017,8.01,11.47
2016-11-30 04:00:00,12628,6.913,177.6,18.09,8.91,91.2,-108.2,NAN,0,0.059,0.058,0.076,0.072,0.061,0.047,15.94,0,1017,8.33,11.41
2016-11-30 05:00:00,12629,6.748,162.8,10.67,9.51,72.65,-105.3,NAN,0,0.059,0.058,0.076,0.072,0.061,0.047,15.74,0,1017,7.463,11.88
2016-11-30 06:00:00,12630,6.513,161.3,9.47,10.22,90.8,-97.2,NAN,0,0.059,0.058,0.075,0.072,0.061,0.047,15.57,0,1017,5.669,12.48
2016-11-30 07:00:00,12631,7.725,164.1,13.19,9.45,96.8,27.24,NAN,0,0.058,0.058,0.075,0.072,0.061,0.047,15.39,0,1017,8.48,11.83
2016-11-30 08:00:00,12632,7.554,167.8,12.03,11,86.8,265.3,NAN,0,0.058,0.058,0.075,0.072,0.061,0.047,15.23,0,1018,9.2,13.15
2016-11-30 09:00:00,12633,4.668,139.1,23.33,15.97,41.25,522.4,NAN,0,0.058,0.058,0.075,0.072,0.06,0.047,15.09,0,1018,5.226,18.25
2016-11-30 10:00:00,12634,2.543,114.3,25.64,17.72,40.96,724.4,NAN,0,0.058,0.058,0.075,0.072,0.06,0.047,14.99,0,1018,4.215,20.28
2016-11-30 11:00:00,12635,2.294,111.2,32.92,18.81,38.81,903,NAN,0,0.057,0.057,0.074,0.071,0.06,0.047,14.97,0,1019,3.755,21.71
2016-11-30 12:00:00,12636,2.124,138.4,55.38,19.5,42.56,1011,NAN,0,0.057,0.057,0.074,0.071,0.059,0.047,15.07,0,1019,5.131,22.67
2016-11-30 13:00:00,12637,3.515,159.6,27.7,19.2,48.03,1012,NAN,0,0.057,0.057,0.074,0.07,0.059,0.047,15.32,0,1019,6.831,22.25
2016-11-30 14:00:00,12638,2.618,162.1,43.1,19.82,41.54,991,NAN,0,0.056,0.056,0.073,0.07,0.058,0.047,15.67,0,1019,7.35,23.11
2016-11-30 15:00:00,12639,1.864,197.5,100.4,20.89,50.58,915,NAN,0,0.056,0.056,0.073,0.069,0.058,0.047,16.08,0,1019,9.22,24.7
2016-11-30 16:00:00,12640,2.931,342.4,51.15,21.27,53.28,770.1,NAN,0,0.056,0.055,0.072,0.069,0.057,0.046,16.48,0,1018,10.65,25.29
2016-11-30 17:00:00,12641,2.345,324.8,47.98,20.08,58.63,547.9,NAN,0,0.055,0.055,0.072,0.069,0.057,0.046,16.82,0,1018,11.24,23.5
2016-11-30 18:00:00,12642,2.101,154.3,41.52,18.21,64.92,280,NAN,0,0.055,0.055,0.072,0.068,0.056,0.046,17.1,0,1018,10.59,20.92
2016-11-30 19:00:00,12643,4.016,168.5,15.24,15.33,78.88,52.67,NAN,0,0.054,0.055,0.072,0.068,0.056,0.045,17.27,0,1018,10.33,17.45
2016-11-30 20:00:00,12644,5.618,172.3,11.91,12.62,88.7,-93,NAN,0,0.054,0.054,0.071,0.068,0.056,0.045,17.34,0,1018,9.95,14.61
2016-11-30 21:00:00,12645,5.106,167.9,16.49,11.29,93.1,-113.5,NAN,0,0.054,0.054,0.072,0.068,0.056,0.045,17.33,0,1019,9.67,13.38
2016-11-30 22:00:00,12646,5.718,157.8,12.15,10.48,97.9,-110.6,NAN,0,0.054,0.055,0.072,0.068,0.056,0.044,17.25,0,1019,9.62,12.68
2016-11-30 23:00:00,12647,5.838,158.1,14.46,9.83,98.4,-111.2,NAN,0,0.054,0.055,0.071,0.068,0.056,0.044,17.1,0,1019,9.28,12.14
2016-12-01 00:00:00,12648,5.893,180.1,13.73,9.42,95.9,-115,NAN,0,0.053,0.055,0.071,0.068,0.056,0.044,16.92,0,1019,9.14,11.8
2016-12-01 01:00:00,12649,5.543,193.7,10.41,9.42,94.5,-104.1,NAN,0,0.053,0.054,0.071,0.068,0.056,0.044,16.72,0,1019,8.64,11.8
2016-12-01 02:00:00,12650,6.283,174.6,15.91,9.06,100,-74.19,NAN,0,0.053,0.054,0.071,0.068,0.056,0.044,16.52,0,1018,8.96,11.52
2016-12-01 03:00:00,12651,4.994,184.7,16.21,9.32,80.2,-83.9,NAN,0,0.053,0.054,0.071,0.068,0.056,0.044,16.32,0,1018,8.33,11.73
2016-12-01 04:00:00,12652,1.717,205.1,32.7,11.52,43.28,-112.3,NAN,0,0.053,0.054,0.071,0.068,0.056,0.044,16.13,0,1018,2.763,13.58
2016-12-01 05:00:00,12653,4.45,173.5,27.01,9.3,95.8,-107.9,NAN,0,0.053,0.054,0.071,0.068,0.056,0.044,15.94,0,1018,6.526,11.75
2016-12-01 06:00:00,12654,4.795,172.1,18,8.33,100,-87,NAN,0,0.053,0.054,0.071,0.067,0.056,0.044,15.76,0,1018,7.99,10.96
2016-12-01 07:00:00,12655,5.25,149.3,12.23,9.3,100,24.18,NAN,0,0.053,0.054,0.071,0.067,0.056,0.044,15.59,0,1019,8.61,11.71
2016-12-01 08:00:00,12656,6.047,148.9,13.57,10.61,85,260,NAN,0,0.052,0.054,0.071,0.067,0.056,0.044,15.43,0,1019,8.84,12.79
2016-12-01 09:00:00,12657,6.137,148.4,13.36,11.51,85.9,469.3,NAN,0,0.052,0.054,0.071,0.067,0.055,0.043,15.28,0,1020,9.13,13.57
2016-12-01 10:00:00,12658,5.999,140.1,18.65,12.38,78.98,679.5,NAN,0,0.052,0.054,0.071,0.067,0.055,0.043,15.17,0,1020,9.09,14.38
2016-12-01 11:00:00,12659,5.088,153.3,23.33,13.73,76.81,843,NAN,0,0.052,0.054,0.07,0.067,0.055,0.043,15.13,0,1020,9.91,15.71
2016-12-01 12:00:00,12660,3.471,154.5,28.54,15.36,69.99,979,NAN,0,0.052,0.053,0.07,0.066,0.055,0.044,15.18,0,1020,10.14,17.46
2016-12-01 13:00:00,12661,2.976,150.5,38.2,16.77,62,1018,NAN,0,0.052,0.053,0.07,0.066,0.054,0.044,15.35,0,1020,9.76,19.09
2016-12-01 14:00:00,12662,3.109,162.9,36.82,17.75,61.08,981,NAN,0,0.052,0.053,0.069,0.065,0.054,0.044,15.64,0,1020,9.69,20.31
2016-12-01 15:00:00,12663,3.397,147.5,23.55,18.39,59.67,882,NAN,0,0.051,0.052,0.069,0.065,0.053,0.044,15.99,0,1020,9.93,21.14
2016-12-01 16:00:00,12664,2.205,134.8,68.16,19.01,56.96,746.7,NAN,0,0.051,0.052,0.068,0.064,0.053,0.044,16.35,0,1020,11.11,22
2016-12-01 17:00:00,12665,3.136,171,62.93,18.13,71.23,494.3,NAN,0,0.051,0.051,0.068,0.064,0.053,0.043,16.68,0,1020,11.49,20.85
2016-12-01 18:00:00,12666,2.744,161.7,27.64,16.72,70.36,290.6,NAN,0,0.051,0.051,0.068,0.063,0.052,0.043,16.95,0,1020,11.07,19.03
2016-12-01 19:00:00,12667,4.653,167.8,19.85,14.19,81.5,62.16,NAN,0,0.05,0.051,0.068,0.063,0.052,0.043,17.12,0,1020,10.65,16.2
2016-12-01 20:00:00,12668,4.31,151.2,18.26,12.66,86.3,-76.71,NAN,0,0.05,0.051,0.067,0.063,0.052,0.042,17.21,0,1020,10.1,14.64
2016-12-01 21:00:00,12669,4.611,154,14.4,11.34,92.4,-98.3,NAN,0,0.05,0.051,0.068,0.063,0.052,0.042,17.21,0,1020,9.71,13.42
2016-12-01 22:00:00,12670,5.092,158.2,13.37,10.45,97.6,-98,NAN,0,0.05,0.051,0.067,0.063,0.052,0.042,17.15,0,1020,9.48,12.65
2016-12-01 23:00:00,12671,7.316,166.9,12.14,9.7,99.6,-97.9,NAN,0,0.049,0.051,0.067,0.063,0.052,0.042,17.02,0,1020,9.6,12.03
2016-12-02 00:00:00,12672,5.944,179.3,16.75,10.77,72.16,-95.9,NAN,0,0.049,0.051,0.067,0.063,0.052,0.042,16.86,0,1020,8.72,12.94
2016-12-02 01:00:00,12673,2.904,149.9,29.49,12.95,58.81,-93.9,NAN,0,0.049,0.051,0.067,0.063,0.052,0.042,16.68,0,1019,5.933,14.92
2016-12-02 02:00:00,12674,3.126,130,13.98,13.49,52.59,-93.3,NAN,0,0.049,0.051,0.067,0.063,0.052,0.041,16.5,0,1019,5.179,15.47
2016-12-02 03:00:00,12675,3.6,125.2,10.54,14.95,50.12,-102.9,NAN,0,0.049,0.051,0.067,0.063,0.052,0.041,16.32,0,1018,4.995,17
2016-12-02 04:00:00,12676,2.844,130.9,9.93,13.95,48.63,-90.4,NAN,0,0.049,0.05,0.067,0.062,0.051,0.041,16.13,0,1018,4.071,15.94
2016-12-02 05:00:00,12677,3.288,143.2,22.84,14.21,49.49,-89.2,NAN,0,0.049,0.05,0.067,0.062,0.051,0.041,15.97,0,1017,3.249,16.2
2016-12-02 06:00:00,12678,3.528,173,17.26,15.3,38.35,-81.9,NAN,0,0.049,0.05,0.067,0.062,0.051,0.041,15.81,0,1017,1.654,17.4
2016-12-02 07:00:00,12679,2.567,184.8,19.31,18.37,34.27,43.12,NAN,0,0.048,0.05,0.067,0.062,0.051,0.041,15.66,0,1018,1.788,21.15
2016-12-02 08:00:00,12680,0.912,304.2,65.99,20.48,27.73,276.2,NAN,0,0.048,0.05,0.066,0.062,0.051,0.041,15.52,0,1018,1.9,24.1
2016-12-02 09:00:00,12681,1.008,340.8,47.48,20.81,29.28,533.5,NAN,0,0.048,0.049,0.066,0.061,0.051,0.041,15.39,0,1018,2.948,24.58
2016-12-02 10:00:00,12682,1.839,344.8,21.42,20.12,34.96,765.1,NAN,0,0.048,0.049,0.065,0.061,0.05,0.041,15.31,0,1018,4.311,23.54
2016-12-02 11:00:00,12683,1.275,355.3,58.09,21.05,47.55,929,NAN,0,0.047,0.049,0.065,0.061,0.05,0.041,15.31,0,1018,7.389,24.95
2016-12-02 12:00:00,12684,2.064,331.4,21.66,20.96,50.09,1040,NAN,0,0.047,0.048,0.065,0.06,0.049,0.041,15.4,0,1018,9.76,24.81
2016-12-02 13:00:00,12685,2.393,333.1,24.57,21.95,51.38,1080,NAN,0,0.047,0.048,0.064,0.059,0.049,0.041,15.62,0,1018,11.12,26.35
2016-12-02 14:00:00,12686,2.878,335.9,24.1,22.7,52.57,1050,NAN,0,0.047,0.047,0.063,0.059,0.049,0.041,15.95,0,1018,12.1,27.58
2016-12-02 15:00:00,12687,2.33,334.4,25.05,23.29,53.43,949,NAN,0,0.047,0.047,0.063,0.058,0.048,0.041,16.33,0,1017,13.06,28.58
2016-12-02 16:00:00,12688,2.788,334.7,20.33,23.38,56.59,791.1,NAN,0,0.047,0.046,0.062,0.058,0.048,0.041,16.7,0,1017,13.68,28.74
